2 4 5 6 7 8 14 120 840
2 4 5 6 7 8 15 56 840
2 4 5 6 7 8 21 40 840
2 4 5 6 7 8 21 120 840
2 4 5 6 7 8 24 35 840
2 4 5 6 7 8 24 70 840
2 4 5 6 7 8 24 105 840
2 4 5 6 7 8 28 120 840
2 4 5 6 7 8 30 56 840
2 4 5 6 7 8 35 120 840
2 4 5 6 7 8 40 42 840
2 4 5 6 7 8 40 84 840
2 4 5 6 7 8 40 105 840
2 4 5 6 7 8 42 120 840
2 4 5 6 7 8 56 60 840
2 4 5 6 7 8 56 105 840
2 4 5 6 7 8 56 120 840
2 4 5 6 7 8 70 120 840
2 4 5 6 7 8 84 120 840
2 4 5 6 7 8 105 120 840
2 4 5 6 7 9 20 63 1260
2 4 5 6 7 9 20 126 1260
2 4 5 6 7 9 28 45 1260
2 4 5 6 7 9 28 90 1260
2 4 5 6 7 9 35 36 1260
2 4 5 6 7 9 36 70 1260
2 4 5 6 7 9 36 105 1260
2 4 5 6 7 9 45 84 1260
2 4 5 6 7 9 60 63 1260
2 4 5 6 7 9 60 126 1260
2 4 5 6 7 9 84 90 1260
2 4 5 6 7 10 12 14 420
2 4 5 6 7 10 12 21 420
2 4 5 6 7 10 12 28 420
2 4 5 6 7 10 12 35 420
2 4 5 6 7 10 12 42 420
2 4 5 6 7 10 12 70 420
2 4 5 6 7 10 12 84 420
2 4 5 6 7 10 12 105 420
2 4 5 6 7 10 14 60 420
2 4 5 6 7 10 14 84 420
2 4 5 6 7 10 15 28 420
2 4 5 6 7 10 15 84 420
2 4 5 6 7 10 20 21 420
2 4 5 6 7 10 20 42 420
2 4 5 6 7 10 20 84 420
2 4 5 6 7 10 20 105 420
2 4 5 6 7 10 21 28 420
2 4 5 6 7 10 21 60 420
2 4 5 6 7 10 21 84 420
2 4 5 6 7 10 24 56 840
2 4 5 6 7 10 28 30 420
2 4 5 6 7 10 28 42 420
2 4 5 6 7 10 28 60 420
2 4 5 6 7 10 28 84 420
2 4 5 6 7 10 28 105 420
2 4 5 6 7 10 30 84 420
2 4 5 6 7 10 35 60 420
2 4 5 6 7 10 35 84 420
2 4 5 6 7 10 36 63 1260
2 4 5 6 7 10 36 126 1260
2 4 5 6 7 10 42 60 420
2 4 5 6 7 10 42 84 420
2 4 5 6 7 10 48 112 1680
2 4 5 6 7 10 56 120 840
2 4 5 6 7 10 60 70 420
2 4 5 6 7 10 60 84 420
2 4 5 6 7 10 60 105 420
2 4 5 6 7 10 70 84 420
2 4 5 6 7 10 84 105 420
2 4 5 6 7 11 44 105 4620
2 4 5 6 7 11 55 84 4620
2 4 5 6 7 11 60 77 4620
2 4 5 6 7 11 84 110 4620
2 4 5 6 7 12 14 15 420
2 4 5 6 7 12 14 20 420
2 4 5 6 7 12 14 30 420
2 4 5 6 7 12 14 35 420
2 4 5 6 7 12 14 60 420
2 4 5 6 7 12 14 70 420
2 4 5 6 7 12 14 105 420
2 4 5 6 7 12 15 21 420
2 4 5 6 7 12 15 28 420
2 4 5 6 7 12 15 35 420
2 4 5 6 7 12 15 42 420
2 4 5 6 7 12 15 70 420
2 4 5 6 7 12 15 84 420
2 4 5 6 7 12 15 105 420
2 4 5 6 7 12 20 21 420
2 4 5 6 7 12 20 28 420
2 4 5 6 7 12 20 35 420
2 4 5 6 7 12 20 42 420
2 4 5 6 7 12 20 70 420
2 4 5 6 7 12 20 84 420
2 4 5 6 7 12 20 105 420
2 4 5 6 7 12 21 30 420
2 4 5 6 7 12 21 35 420
2 4 5 6 7 12 21 60 420
2 4 5 6 7 12 21 70 420
2 4 5 6 7 12 21 105 420
2 4 5 6 7 12 28 30 420
2 4 5 6 7 12 28 35 420
2 4 5 6 7 12 28 60 420
2 4 5 6 7 12 28 70 420
2 4 5 6 7 12 28 105 420
2 4 5 6 7 12 30 35 420
2 4 5 6 7 12 30 42 420
2 4 5 6 7 12 30 70 420
2 4 5 6 7 12 30 84 420
2 4 5 6 7 12 30 105 420
2 4 5 6 7 12 35 42 420
2 4 5 6 7 12 35 60 420
2 4 5 6 7 12 35 70 420
2 4 5 6 7 12 35 84 420
2 4 5 6 7 12 35 105 420
2 4 5 6 7 12 40 56 840
2 4 5 6 7 12 42 60 420
2 4 5 6 7 12 42 70 420
2 4 5 6 7 12 42 105 420
2 4 5 6 7 12 45 63 1260
2 4 5 6 7 12 45 126 1260
2 4 5 6 7 12 55 77 4620
2 4 5 6 7 12 56 120 840
2 4 5 6 7 12 60 70 420
2 4 5 6 7 12 60 84 420
2 4 5 6 7 12 60 105 420
2 4 5 6 7 12 63 90 1260
2 4 5 6 7 12 65 91 5460
2 4 5 6 7 12 70 84 420
2 4 5 6 7 12 70 105 420
2 4 5 6 7 12 77 110 4620
2 4 5 6 7 12 80 112 1680
2 4 5 6 7 12 84 105 420
2 4 5 6 7 12 85 119 7140
2 4 5 6 7 12 90 126 1260
2 4 5 6 7 13 52 105 5460
2 4 5 6 7 13 60 91 5460
2 4 5 6 7 13 65 84 5460
2 4 5 6 7 14 15 20 420
2 4 5 6 7 14 15 28 420
2 4 5 6 7 14 15 60 420
2 4 5 6 7 14 15 84 420
2 4 5 6 7 14 20 21 420
2 4 5 6 7 14 20 30 420
2 4 5 6 7 14 20 42 420
2 4 5 6 7 14 20 60 420
2 4 5 6 7 14 20 84 420
2 4 5 6 7 14 20 105 420
2 4 5 6 7 14 21 60 420
2 4 5 6 7 14 24 40 840
2 4 5 6 7 14 24 120 840
2 4 5 6 7 14 28 30 420
2 4 5 6 7 14 28 60 420
2 4 5 6 7 14 28 105 420
2 4 5 6 7 14 30 60 420
2 4 5 6 7 14 30 84 420
2 4 5 6 7 14 35 60 420
2 4 5 6 7 14 35 84 420
2 4 5 6 7 14 36 45 1260
2 4 5 6 7 14 36 90 1260
2 4 5 6 7 14 40 120 840
2 4 5 6 7 14 42 60 420
2 4 5 6 7 14 48 80 1680
2 4 5 6 7 14 56 120 840
2 4 5 6 7 14 60 70 420
2 4 5 6 7 14 60 84 420
2 4 5 6 7 14 60 105 420
2 4 5 6 7 14 70 84 420
2 4 5 6 7 14 75 100 2100
2 4 5 6 7 14 84 105 420
2 4 5 6 7 15 16 112 1680
2 4 5 6 7 15 20 21 420
2 4 5 6 7 15 20 28 420
2 4 5 6 7 15 20 35 420
2 4 5 6 7 15 20 42 420
2 4 5 6 7 15 20 70 420
2 4 5 6 7 15 20 84 420
2 4 5 6 7 15 20 105 420
2 4 5 6 7 15 21 28 420
2 4 5 6 7 15 21 60 420
2 4 5 6 7 15 21 84 420
2 4 5 6 7 15 24 56 840
2 4 5 6 7 15 28 30 420
2 4 5 6 7 15 28 35 420
2 4 5 6 7 15 28 42 420
2 4 5 6 7 15 28 60 420
2 4 5 6 7 15 28 70 420
2 4 5 6 7 15 28 84 420
2 4 5 6 7 15 28 105 420
2 4 5 6 7 15 30 84 420
2 4 5 6 7 15 35 60 420
2 4 5 6 7 15 35 84 420
2 4 5 6 7 15 36 63 1260
2 4 5 6 7 15 36 126 1260
2 4 5 6 7 15 40 56 840
2 4 5 6 7 15 42 60 420
2 4 5 6 7 15 42 84 420
2 4 5 6 7 15 44 77 4620
2 4 5 6 7 15 48 112 1680
2 4 5 6 7 15 52 91 5460
2 4 5 6 7 15 56 120 840
2 4 5 6 7 15 60 70 420
2 4 5 6 7 15 60 84 420
2 4 5 6 7 15 60 105 420
2 4 5 6 7 15 68 119 7140
2 4 5 6 7 15 70 84 420
2 4 5 6 7 15 80 112 1680
2 4 5 6 7 15 84 105 420
2 4 5 6 7 16 21 80 1680
2 4 5 6 7 16 30 112 1680
2 4 5 6 7 16 35 48 1680
2 4 5 6 7 16 42 80 1680
2 4 5 6 7 16 48 70 1680
2 4 5 6 7 16 48 105 1680
2 4 5 6 7 16 60 112 1680
2 4 5 6 7 16 80 84 1680
2 4 5 6 7 16 80 105 1680
2 4 5 6 7 16 105 112 1680
2 4 5 6 7 16 112 120 1680
2 4 5 6 7 17 60 119 7140
2 4 5 6 7 17 68 105 7140
2 4 5 6 7 17 84 85 7140
2 4 5 6 7 18 20 63 1260
2 4 5 6 7 18 20 126 1260
2 4 5 6 7 18 28 45 1260
2 4 5 6 7 18 28 90 1260
2 4 5 6 7 18 35 36 1260
2 4 5 6 7 18 36 70 1260
2 4 5 6 7 18 36 105 1260
2 4 5 6 7 18 45 84 1260
2 4 5 6 7 18 60 63 1260
2 4 5 6 7 18 60 126 1260
2 4 5 6 7 18 84 90 1260
2 4 5 6 7 19 76 105 7980
2 4 5 6 7 19 84 95 7980
2 4 5 6 7 20 21 28 420
2 4 5 6 7 20 21 30 420
2 4 5 6 7 20 21 35 420
2 4 5 6 7 20 21 42 420
2 4 5 6 7 20 21 60 420
2 4 5 6 7 20 21 70 420
2 4 5 6 7 20 21 84 420
2 4 5 6 7 20 21 105 420
2 4 5 6 7 20 24 56 840
2 4 5 6 7 20 28 30 420
2 4 5 6 7 20 28 42 420
2 4 5 6 7 20 28 60 420
2 4 5 6 7 20 28 84 420
2 4 5 6 7 20 28 105 420
2 4 5 6 7 20 30 35 420
2 4 5 6 7 20 30 42 420
2 4 5 6 7 20 30 70 420
2 4 5 6 7 20 30 84 420
2 4 5 6 7 20 30 105 420
2 4 5 6 7 20 33 77 4620
2 4 5 6 7 20 35 42 420
2 4 5 6 7 20 35 60 420
2 4 5 6 7 20 35 84 420
2 4 5 6 7 20 35 105 420
2 4 5 6 7 20 36 63 1260
2 4 5 6 7 20 36 126 1260
2 4 5 6 7 20 39 91 5460
2 4 5 6 7 20 42 60 420
2 4 5 6 7 20 42 70 420
2 4 5 6 7 20 42 84 420
2 4 5 6 7 20 42 105 420
2 4 5 6 7 20 45 63 1260
2 4 5 6 7 20 45 126 1260
2 4 5 6 7 20 48 112 1680
2 4 5 6 7 20 51 119 7140
2 4 5 6 7 20 56 120 840
2 4 5 6 7 20 60 70 420
2 4 5 6 7 20 60 84 420
2 4 5 6 7 20 60 105 420
2 4 5 6 7 20 63 90 1260
2 4 5 6 7 20 63 126 1260
2 4 5 6 7 20 66 77 4620
2 4 5 6 7 20 70 84 420
2 4 5 6 7 20 70 105 420
2 4 5 6 7 20 78 91 5460
2 4 5 6 7 20 84 105 420
2 4 5 6 7 20 90 126 1260
2 4 5 6 7 20 102 119 7140
2 4 5 6 7 21 24 40 840
2 4 5 6 7 21 24 120 840
2 4 5 6 7 21 25 100 2100
2 4 5 6 7 21 28 30 420
2 4 5 6 7 21 28 35 420
2 4 5 6 7 21 28 60 420
2 4 5 6 7 21 28 70 420
2 4 5 6 7 21 28 105 420
2 4 5 6 7 21 30 60 420
2 4 5 6 7 21 30 84 420
2 4 5 6 7 21 35 60 420
2 4 5 6 7 21 35 84 420
2 4 5 6 7 21 36 45 1260
2 4 5 6 7 21 36 90 1260
2 4 5 6 7 21 40 56 840
2 4 5 6 7 21 40 120 840
2 4 5 6 7 21 42 60 420
2 4 5 6 7 21 44 55 4620
2 4 5 6 7 21 44 110 4620
2 4 5 6 7 21 48 80 1680
2 4 5 6 7 21 50 100 2100
2 4 5 6 7 21 52 65 5460
2 4 5 6 7 21 56 120 840
2 4 5 6 7 21 60 70 420
2 4 5 6 7 21 60 84 420
2 4 5 6 7 21 60 105 420
2 4 5 6 7 21 68 85 7140
2 4 5 6 7 21 70 84 420
2 4 5 6 7 21 75 100 2100
2 4 5 6 7 21 76 95 7980
2 4 5 6 7 21 80 112 1680
2 4 5 6 7 21 84 105 420
2 4 5 6 7 21 92 115 9660
2 4 5 6 7 22 44 105 4620
2 4 5 6 7 22 55 84 4620
2 4 5 6 7 22 60 77 4620
2 4 5 6 7 22 84 110 4620
2 4 5 6 7 23 84 115 9660
2 4 5 6 7 23 92 105 9660
2 4 5 6 7 24 28 40 840
2 4 5 6 7 24 28 120 840
2 4 5 6 7 24 30 56 840
2 4 5 6 7 24 35 40 840
2 4 5 6 7 24 35 56 840
2 4 5 6 7 24 35 120 840
2 4 5 6 7 24 40 42 840
2 4 5 6 7 24 40 56 840
2 4 5 6 7 24 40 70 840
2 4 5 6 7 24 40 84 840
2 4 5 6 7 24 40 105 840
2 4 5 6 7 24 42 120 840
2 4 5 6 7 24 56 60 840
2 4 5 6 7 24 56 70 840
2 4 5 6 7 24 56 105 840
2 4 5 6 7 24 56 120 840
2 4 5 6 7 24 70 120 840
2 4 5 6 7 24 80 112 1680
2 4 5 6 7 24 84 120 840
2 4 5 6 7 24 105 120 840
2 4 5 6 7 25 28 75 2100
2 4 5 6 7 25 42 100 2100
2 4 5 6 7 25 50 84 2100
2 4 5 6 7 25 75 84 2100
2 4 5 6 7 25 84 100 2100
2 4 5 6 7 25 100 105 2100
2 4 5 6 7 26 52 105 5460
2 4 5 6 7 26 60 91 5460
2 4 5 6 7 26 65 84 5460
2 4 5 6 7 27 35 108 3780
2 4 5 6 7 27 70 108 3780
2 4 5 6 7 27 105 108 3780
2 4 5 6 7 28 30 35 420
2 4 5 6 7 28 30 42 420
2 4 5 6 7 28 30 60 420
2 4 5 6 7 28 30 70 420
2 4 5 6 7 28 30 84 420
2 4 5 6 7 28 30 105 420
2 4 5 6 7 28 33 55 4620
2 4 5 6 7 28 33 110 4620
2 4 5 6 7 28 35 42 420
2 4 5 6 7 28 35 60 420
2 4 5 6 7 28 35 84 420
2 4 5 6 7 28 35 105 420
2 4 5 6 7 28 36 45 1260
2 4 5 6 7 28 36 90 1260
2 4 5 6 7 28 39 65 5460
2 4 5 6 7 28 40 120 840
2 4 5 6 7 28 42 60 420
2 4 5 6 7 28 42 70 420
2 4 5 6 7 28 42 105 420
2 4 5 6 7 28 45 63 1260
2 4 5 6 7 28 45 90 1260
2 4 5 6 7 28 45 126 1260
2 4 5 6 7 28 48 80 1680
2 4 5 6 7 28 50 75 2100
2 4 5 6 7 28 51 85 7140
2 4 5 6 7 28 55 66 4620
2 4 5 6 7 28 56 120 840
2 4 5 6 7 28 57 95 7980
2 4 5 6 7 28 60 70 420
2 4 5 6 7 28 60 84 420
2 4 5 6 7 28 60 105 420
2 4 5 6 7 28 63 90 1260
2 4 5 6 7 28 65 78 5460
2 4 5 6 7 28 66 110 4620
2 4 5 6 7 28 69 115 9660
2 4 5 6 7 28 70 84 420
2 4 5 6 7 28 70 105 420
2 4 5 6 7 28 75 100 2100
2 4 5 6 7 28 84 105 420
2 4 5 6 7 28 85 102 7140
2 4 5 6 7 28 90 126 1260
2 4 5 6 7 28 95 114 7980
2 4 5 6 7 29 105 116 12180
2 4 5 6 7 30 35 60 420
2 4 5 6 7 30 35 84 420
2 4 5 6 7 30 36 63 1260
2 4 5 6 7 30 36 126 1260
2 4 5 6 7 30 40 56 840
2 4 5 6 7 30 42 60 420
2 4 5 6 7 30 42 84 420
2 4 5 6 7 30 44 77 4620
2 4 5 6 7 30 48 112 1680
2 4 5 6 7 30 52 91 5460
2 4 5 6 7 30 56 120 840
2 4 5 6 7 30 60 70 420
2 4 5 6 7 30 60 84 420
2 4 5 6 7 30 60 105 420
2 4 5 6 7 30 68 119 7140
2 4 5 6 7 30 70 84 420
2 4 5 6 7 30 80 112 1680
2 4 5 6 7 30 84 105 420
2 4 5 6 7 31 105 124 13020
2 4 5 6 7 32 35 96 3360
2 4 5 6 7 32 70 96 3360
2 4 5 6 7 32 96 105 3360
2 4 5 6 7 33 35 44 4620
2 4 5 6 7 33 44 70 4620
2 4 5 6 7 33 44 105 4620
2 4 5 6 7 33 55 84 4620
2 4 5 6 7 33 60 77 4620
2 4 5 6 7 33 84 110 4620
2 4 5 6 7 34 60 119 7140
2 4 5 6 7 34 68 105 7140
2 4 5 6 7 34 84 85 7140
2 4 5 6 7 35 36 45 1260
2 4 5 6 7 35 36 63 1260
2 4 5 6 7 35 36 90 1260
2 4 5 6 7 35 36 126 1260
2 4 5 6 7 35 39 52 5460
2 4 5 6 7 35 40 120 840
2 4 5 6 7 35 42 60 420
2 4 5 6 7 35 42 84 420
2 4 5 6 7 35 44 66 4620
2 4 5 6 7 35 48 80 1680
2 4 5 6 7 35 48 112 1680
2 4 5 6 7 35 51 68 7140
2 4 5 6 7 35 52 78 5460
2 4 5 6 7 35 54 108 3780
2 4 5 6 7 35 56 120 840
2 4 5 6 7 35 57 76 7980
2 4 5 6 7 35 60 70 420
2 4 5 6 7 35 60 84 420
2 4 5 6 7 35 60 105 420
2 4 5 6 7 35 68 102 7140
2 4 5 6 7 35 69 92 9660
2 4 5 6 7 35 70 84 420
2 4 5 6 7 35 75 100 2100
2 4 5 6 7 35 76 114 7980
2 4 5 6 7 35 84 105 420
2 4 5 6 7 35 87 116 12180
2 4 5 6 7 35 93 124 13020
2 4 5 6 7 36 42 45 1260
2 4 5 6 7 36 42 90 1260
2 4 5 6 7 36 45 63 1260
2 4 5 6 7 36 45 70 1260
2 4 5 6 7 36 45 84 1260
2 4 5 6 7 36 45 105 1260
2 4 5 6 7 36 45 126 1260
2 4 5 6 7 36 60 63 1260
2 4 5 6 7 36 60 126 1260
2 4 5 6 7 36 63 70 1260
2 4 5 6 7 36 63 90 1260
2 4 5 6 7 36 63 105 1260
2 4 5 6 7 36 70 90 1260
2 4 5 6 7 36 70 126 1260
2 4 5 6 7 36 84 90 1260
2 4 5 6 7 36 90 105 1260
2 4 5 6 7 36 90 126 1260
2 4 5 6 7 36 105 126 1260
2 4 5 6 7 38 76 105 7980
2 4 5 6 7 38 84 95 7980
2 4 5 6 7 39 52 70 5460
2 4 5 6 7 39 52 105 5460
2 4 5 6 7 39 60 91 5460
2 4 5 6 7 39 65 84 5460
2 4 5 6 7 40 42 56 840
2 4 5 6 7 40 42 120 840
2 4 5 6 7 40 48 112 1680
2 4 5 6 7 40 56 60 840
2 4 5 6 7 40 56 84 840
2 4 5 6 7 40 56 105 840
2 4 5 6 7 40 56 120 840
2 4 5 6 7 40 63 72 2520
2 4 5 6 7 40 70 120 840
2 4 5 6 7 40 72 126 2520
2 4 5 6 7 40 84 120 840
2 4 5 6 7 40 105 120 840
2 4 5 6 7 42 44 55 4620
2 4 5 6 7 42 44 110 4620
2 4 5 6 7 42 48 80 1680
2 4 5 6 7 42 50 100 2100
2 4 5 6 7 42 52 65 5460
2 4 5 6 7 42 56 120 840
2 4 5 6 7 42 60 70 420
2 4 5 6 7 42 60 84 420
2 4 5 6 7 42 60 105 420
2 4 5 6 7 42 68 85 7140
2 4 5 6 7 42 70 84 420
2 4 5 6 7 42 75 100 2100
2 4 5 6 7 42 76 95 7980
2 4 5 6 7 42 80 112 1680
2 4 5 6 7 42 84 105 420
2 4 5 6 7 42 92 115 9660
2 4 5 6 7 44 55 84 4620
2 4 5 6 7 44 55 105 4620
2 4 5 6 7 44 60 77 4620
2 4 5 6 7 44 66 70 4620
2 4 5 6 7 44 66 105 4620
2 4 5 6 7 44 77 105 4620
2 4 5 6 7 44 84 110 4620
2 4 5 6 7 44 105 110 4620
2 4 5 6 7 45 56 72 2520
2 4 5 6 7 45 60 63 1260
2 4 5 6 7 45 60 126 1260
2 4 5 6 7 45 63 84 1260
2 4 5 6 7 45 84 90 1260
2 4 5 6 7 45 84 126 1260
2 4 5 6 7 46 84 115 9660
2 4 5 6 7 46 92 105 9660
2 4 5 6 7 48 56 80 1680
2 4 5 6 7 48 60 112 1680
2 4 5 6 7 48 70 80 1680
2 4 5 6 7 48 70 112 1680
2 4 5 6 7 48 80 84 1680
2 4 5 6 7 48 80 105 1680
2 4 5 6 7 48 80 112 1680
2 4 5 6 7 48 105 112 1680
2 4 5 6 7 48 112 120 1680
2 4 5 6 7 49 60 98 2940
2 4 5 6 7 50 75 84 2100
2 4 5 6 7 50 84 100 2100
2 4 5 6 7 50 100 105 2100
2 4 5 6 7 51 60 119 7140
2 4 5 6 7 51 68 70 7140
2 4 5 6 7 51 68 105 7140
2 4 5 6 7 51 84 85 7140
2 4 5 6 7 52 60 91 5460
2 4 5 6 7 52 65 84 5460
2 4 5 6 7 52 65 105 5460
2 4 5 6 7 52 70 78 5460
2 4 5 6 7 52 78 105 5460
2 4 5 6 7 52 91 105 5460
2 4 5 6 7 54 70 108 3780
2 4 5 6 7 54 105 108 3780
2 4 5 6 7 55 60 77 4620
2 4 5 6 7 55 66 84 4620
2 4 5 6 7 55 77 84 4620
2 4 5 6 7 55 84 110 4620
2 4 5 6 7 56 60 120 840
2 4 5 6 7 56 70 120 840
2 4 5 6 7 56 72 90 2520
2 4 5 6 7 56 84 120 840
2 4 5 6 7 56 105 120 840
2 4 5 6 7 57 70 76 7980
2 4 5 6 7 57 76 105 7980
2 4 5 6 7 57 84 95 7980
2 4 5 6 7 58 105 116 12180
2 4 5 6 7 60 63 90 1260
2 4 5 6 7 60 63 126 1260
2 4 5 6 7 60 65 91 5460
2 4 5 6 7 60 66 77 4620
2 4 5 6 7 60 68 119 7140
2 4 5 6 7 60 70 84 420
2 4 5 6 7 60 70 105 420
2 4 5 6 7 60 77 110 4620
2 4 5 6 7 60 78 91 5460
2 4 5 6 7 60 80 112 1680
2 4 5 6 7 60 84 105 420
2 4 5 6 7 60 85 119 7140
2 4 5 6 7 60 90 126 1260
2 4 5 6 7 60 102 119 7140
2 4 5 6 7 62 105 124 13020
2 4 5 6 7 63 72 120 2520
2 4 5 6 7 63 84 90 1260
2 4 5 6 7 65 78 84 5460
2 4 5 6 7 65 84 91 5460
2 4 5 6 7 66 84 110 4620
2 4 5 6 7 68 70 102 7140
2 4 5 6 7 68 84 85 7140
2 4 5 6 7 68 85 105 7140
2 4 5 6 7 68 102 105 7140
2 4 5 6 7 68 105 119 7140
2 4 5 6 7 69 70 92 9660
2 4 5 6 7 69 84 115 9660
2 4 5 6 7 69 92 105 9660
2 4 5 6 7 70 75 100 2100
2 4 5 6 7 70 76 114 7980
2 4 5 6 7 70 84 105 420
2 4 5 6 7 70 87 116 12180
2 4 5 6 7 70 93 124 13020
2 4 5 6 7 72 120 126 2520
2 4 5 6 7 75 84 100 2100
2 4 5 6 7 75 100 105 2100
2 4 5 6 7 76 84 95 7980
2 4 5 6 7 76 95 105 7980
2 4 5 6 7 76 105 114 7980
2 4 5 6 7 77 84 110 4620
2 4 5 6 7 77 88 120 9240
2 4 5 6 7 80 84 112 1680
2 4 5 6 7 80 105 112 1680
2 4 5 6 7 80 112 120 1680
2 4 5 6 7 84 85 102 7140
2 4 5 6 7 84 85 119 7140
2 4 5 6 7 84 90 126 1260
2 4 5 6 7 84 92 115 9660
2 4 5 6 7 84 95 114 7980
2 4 5 6 7 87 105 116 12180
2 4 5 6 7 91 104 120 10920
2 4 5 6 7 92 105 115 9660
2 4 5 6 7 93 105 124 13020
2 4 5 6 8 9 10 72 360
2 4 5 6 8 9 15 72 360
2 4 5 6 8 9 18 40 360
2 4 5 6 8 9 18 120 360
2 4 5 6 8 9 20 72 360
2 4 5 6 8 9 24 45 360
2 4 5 6 8 9 24 90 360
2 4 5 6 8 9 30 72 360
2 4 5 6 8 9 36 40 360
2 4 5 6 8 9 36 120 360
2 4 5 6 8 9 40 45 360
2 4 5 6 8 9 40 72 360
2 4 5 6 8 9 40 90 360
2 4 5 6 8 9 45 72 360
2 4 5 6 8 9 45 120 360
2 4 5 6 8 9 60 72 360
2 4 5 6 8 9 72 90 360
2 4 5 6 8 9 72 120 360
2 4 5 6 8 9 90 120 360
2 4 5 6 8 10 12 24 120
2 4 5 6 8 10 12 40 120
2 4 5 6 8 10 12 120 120
2 4 5 6 8 10 15 24 120
2 4 5 6 8 10 15 40 120
2 4 5 6 8 10 15 120 120
2 4 5 6 8 10 16 48 240
2 4 5 6 8 10 18 72 360
2 4 5 6 8 10 20 24 120
2 4 5 6 8 10 20 120 120
2 4 5 6 8 10 21 56 840
2 4 5 6 8 10 24 30 120
2 4 5 6 8 10 24 40 120
2 4 5 6 8 10 24 60 120
2 4 5 6 8 10 24 120 120
2 4 5 6 8 10 30 40 120
2 4 5 6 8 10 30 120 120
2 4 5 6 8 10 32 96 480
2 4 5 6 8 10 33 88 1320
2 4 5 6 8 10 36 72 360
2 4 5 6 8 10 39 104 1560
2 4 5 6 8 10 40 60 120
2 4 5 6 8 10 40 120 120
2 4 5 6 8 10 42 56 840
2 4 5 6 8 10 45 72 360
2 4 5 6 8 10 48 80 240
2 4 5 6 8 10 56 84 840
2 4 5 6 8 10 56 105 840
2 4 5 6 8 10 60 120 120
2 4 5 6 8 10 66 88 1320
2 4 5 6 8 10 72 90 360
2 4 5 6 8 10 78 104 1560
2 4 5 6 8 11 15 88 1320
2 4 5 6 8 11 22 120 1320
2 4 5 6 8 11 24 55 1320
2 4 5 6 8 11 24 110 1320
2 4 5 6 8 11 30 88 1320
2 4 5 6 8 11 33 40 1320
2 4 5 6 8 11 33 120 1320
2 4 5 6 8 11 40 66 1320
2 4 5 6 8 11 44 120 1320
2 4 5 6 8 11 55 120 1320
2 4 5 6 8 11 60 88 1320
2 4 5 6 8 11 66 120 1320
2 4 5 6 8 11 88 120 1320
2 4 5 6 8 11 110 120 1320
2 4 5 6 8 12 15 24 120
2 4 5 6 8 12 15 40 120
2 4 5 6 8 12 15 120 120
2 4 5 6 8 12 16 80 240
2 4 5 6 8 12 20 24 120
2 4 5 6 8 12 20 40 120
2 4 5 6 8 12 20 120 120
2 4 5 6 8 12 24 30 120
2 4 5 6 8 12 24 40 120
2 4 5 6 8 12 24 60 120
2 4 5 6 8 12 24 120 120
2 4 5 6 8 12 30 40 120
2 4 5 6 8 12 30 120 120
2 4 5 6 8 12 35 56 840
2 4 5 6 8 12 40 60 120
2 4 5 6 8 12 40 120 120
2 4 5 6 8 12 45 72 360
2 4 5 6 8 12 48 80 240
2 4 5 6 8 12 55 88 1320
2 4 5 6 8 12 56 70 840
2 4 5 6 8 12 56 105 840
2 4 5 6 8 12 60 120 120
2 4 5 6 8 12 65 104 1560
2 4 5 6 8 12 72 90 360
2 4 5 6 8 12 88 110 1320
2 4 5 6 8 13 15 104 1560
2 4 5 6 8 13 24 65 1560
2 4 5 6 8 13 26 120 1560
2 4 5 6 8 13 30 104 1560
2 4 5 6 8 13 39 40 1560
2 4 5 6 8 13 39 120 1560
2 4 5 6 8 13 40 78 1560
2 4 5 6 8 13 52 120 1560
2 4 5 6 8 13 60 104 1560
2 4 5 6 8 13 65 120 1560
2 4 5 6 8 13 78 120 1560
2 4 5 6 8 13 104 120 1560
2 4 5 6 8 14 15 56 840
2 4 5 6 8 14 21 40 840
2 4 5 6 8 14 21 120 840
2 4 5 6 8 14 24 35 840
2 4 5 6 8 14 24 70 840
2 4 5 6 8 14 24 105 840
2 4 5 6 8 14 28 120 840
2 4 5 6 8 14 30 56 840
2 4 5 6 8 14 35 120 840
2 4 5 6 8 14 40 42 840
2 4 5 6 8 14 40 84 840
2 4 5 6 8 14 40 105 840
2 4 5 6 8 14 42 120 840
2 4 5 6 8 14 56 60 840
2 4 5 6 8 14 56 105 840
2 4 5 6 8 14 56 120 840
2 4 5 6 8 14 70 120 840
2 4 5 6 8 14 84 120 840
2 4 5 6 8 14 105 120 840
2 4 5 6 8 15 16 48 240
2 4 5 6 8 15 16 80 240
2 4 5 6 8 15 18 72 360
2 4 5 6 8 15 20 24 120
2 4 5 6 8 15 20 40 120
2 4 5 6 8 15 20 120 120
2 4 5 6 8 15 21 56 840
2 4 5 6 8 15 22 88 1320
2 4 5 6 8 15 24 30 120
2 4 5 6 8 15 24 40 120
2 4 5 6 8 15 24 60 120
2 4 5 6 8 15 24 120 120
2 4 5 6 8 15 26 104 1560
2 4 5 6 8 15 28 56 840
2 4 5 6 8 15 30 40 120
2 4 5 6 8 15 30 120 120
2 4 5 6 8 15 32 96 480
2 4 5 6 8 15 33 88 1320
2 4 5 6 8 15 35 56 840
2 4 5 6 8 15 36 72 360
2 4 5 6 8 15 39 104 1560
2 4 5 6 8 15 40 60 120
2 4 5 6 8 15 40 120 120
2 4 5 6 8 15 42 56 840
2 4 5 6 8 15 44 88 1320
2 4 5 6 8 15 45 72 360
2 4 5 6 8 15 48 80 240
2 4 5 6 8 15 52 104 1560
2 4 5 6 8 15 55 88 1320
2 4 5 6 8 15 56 70 840
2 4 5 6 8 15 56 84 840
2 4 5 6 8 15 56 105 840
2 4 5 6 8 15 60 120 120
2 4 5 6 8 15 65 104 1560
2 4 5 6 8 15 66 88 1320
2 4 5 6 8 15 72 90 360
2 4 5 6 8 15 78 104 1560
2 4 5 6 8 15 88 110 1320
2 4 5 6 8 16 20 48 240
2 4 5 6 8 16 24 80 240
2 4 5 6 8 16 30 48 240
2 4 5 6 8 16 30 80 240
2 4 5 6 8 16 40 48 240
2 4 5 6 8 16 48 60 240
2 4 5 6 8 16 48 80 240
2 4 5 6 8 16 48 120 240
2 4 5 6 8 16 60 80 240
2 4 5 6 8 16 80 120 240
2 4 5 6 8 16 105 112 1680
2 4 5 6 8 17 24 85 2040
2 4 5 6 8 17 34 120 2040
2 4 5 6 8 17 40 51 2040
2 4 5 6 8 17 40 102 2040
2 4 5 6 8 17 51 120 2040
2 4 5 6 8 17 68 120 2040
2 4 5 6 8 17 85 120 2040
2 4 5 6 8 17 102 120 2040
2 4 5 6 8 18 20 72 360
2 4 5 6 8 18 24 45 360
2 4 5 6 8 18 24 90 360
2 4 5 6 8 18 30 72 360
2 4 5 6 8 18 36 40 360
2 4 5 6 8 18 36 120 360
2 4 5 6 8 18 40 45 360
2 4 5 6 8 18 40 72 360
2 4 5 6 8 18 40 90 360
2 4 5 6 8 18 45 72 360
2 4 5 6 8 18 45 120 360
2 4 5 6 8 18 60 72 360
2 4 5 6 8 18 72 90 360
2 4 5 6 8 18 72 120 360
2 4 5 6 8 18 90 120 360
2 4 5 6 8 19 24 95 2280
2 4 5 6 8 19 38 120 2280
2 4 5 6 8 19 40 57 2280
2 4 5 6 8 19 40 114 2280
2 4 5 6 8 19 57 120 2280
2 4 5 6 8 19 76 120 2280
2 4 5 6 8 19 95 120 2280
2 4 5 6 8 19 114 120 2280
2 4 5 6 8 20 21 56 840
2 4 5 6 8 20 24 30 120
2 4 5 6 8 20 24 40 120
2 4 5 6 8 20 24 60 120
2 4 5 6 8 20 24 120 120
2 4 5 6 8 20 30 40 120
2 4 5 6 8 20 30 120 120
2 4 5 6 8 20 32 96 480
2 4 5 6 8 20 33 88 1320
2 4 5 6 8 20 36 72 360
2 4 5 6 8 20 39 104 1560
2 4 5 6 8 20 40 60 120
2 4 5 6 8 20 40 120 120
2 4 5 6 8 20 42 56 840
2 4 5 6 8 20 45 72 360
2 4 5 6 8 20 48 80 240
2 4 5 6 8 20 56 84 840
2 4 5 6 8 20 56 105 840
2 4 5 6 8 20 60 120 120
2 4 5 6 8 20 66 88 1320
2 4 5 6 8 20 72 90 360
2 4 5 6 8 20 78 104 1560
2 4 5 6 8 21 24 35 840
2 4 5 6 8 21 24 70 840
2 4 5 6 8 21 24 105 840
2 4 5 6 8 21 28 40 840
2 4 5 6 8 21 28 120 840
2 4 5 6 8 21 30 56 840
2 4 5 6 8 21 35 40 840
2 4 5 6 8 21 35 56 840
2 4 5 6 8 21 35 120 840
2 4 5 6 8 21 40 42 840
2 4 5 6 8 21 40 56 840
2 4 5 6 8 21 40 70 840
2 4 5 6 8 21 40 84 840
2 4 5 6 8 21 40 105 840
2 4 5 6 8 21 42 120 840
2 4 5 6 8 21 56 60 840
2 4 5 6 8 21 56 70 840
2 4 5 6 8 21 56 105 840
2 4 5 6 8 21 56 120 840
2 4 5 6 8 21 70 120 840
2 4 5 6 8 21 80 112 1680
2 4 5 6 8 21 84 120 840
2 4 5 6 8 21 105 120 840
2 4 5 6 8 22 24 55 1320
2 4 5 6 8 22 24 110 1320
2 4 5 6 8 22 30 88 1320
2 4 5 6 8 22 33 40 1320
2 4 5 6 8 22 33 120 1320
2 4 5 6 8 22 40 66 1320
2 4 5 6 8 22 44 120 1320
2 4 5 6 8 22 55 120 1320
2 4 5 6 8 22 60 88 1320
2 4 5 6 8 22 66 120 1320
2 4 5 6 8 22 88 120 1320
2 4 5 6 8 22 110 120 1320
2 4 5 6 8 23 24 115 2760
2 4 5 6 8 23 40 69 2760
2 4 5 6 8 23 46 120 2760
2 4 5 6 8 23 69 120 2760
2 4 5 6 8 23 92 120 2760
2 4 5 6 8 23 115 120 2760
2 4 5 6 8 24 25 50 600
2 4 5 6 8 24 25 75 600
2 4 5 6 8 24 25 100 600
2 4 5 6 8 24 26 65 1560
2 4 5 6 8 24 28 35 840
2 4 5 6 8 24 28 70 840
2 4 5 6 8 24 28 105 840
2 4 5 6 8 24 30 40 120
2 4 5 6 8 24 30 60 120
2 4 5 6 8 24 30 120 120
2 4 5 6 8 24 33 55 1320
2 4 5 6 8 24 33 110 1320
2 4 5 6 8 24 34 85 2040
2 4 5 6 8 24 35 42 840
2 4 5 6 8 24 35 56 840
2 4 5 6 8 24 35 70 840
2 4 5 6 8 24 35 84 840
2 4 5 6 8 24 35 105 840
2 4 5 6 8 24 36 45 360
2 4 5 6 8 24 36 90 360
2 4 5 6 8 24 38 95 2280
2 4 5 6 8 24 39 65 1560
2 4 5 6 8 24 40 60 120
2 4 5 6 8 24 40 120 120
2 4 5 6 8 24 42 70 840
2 4 5 6 8 24 42 105 840
2 4 5 6 8 24 44 55 1320
2 4 5 6 8 24 44 110 1320
2 4 5 6 8 24 45 72 360
2 4 5 6 8 24 45 90 360
2 4 5 6 8 24 46 115 2760
2 4 5 6 8 24 48 80 240
2 4 5 6 8 24 50 75 600
2 4 5 6 8 24 50 100 600
2 4 5 6 8 24 51 85 2040
2 4 5 6 8 24 52 65 1560
2 4 5 6 8 24 55 66 1320
2 4 5 6 8 24 55 88 1320
2 4 5 6 8 24 55 110 1320
2 4 5 6 8 24 56 70 840
2 4 5 6 8 24 56 105 840
2 4 5 6 8 24 57 95 2280
2 4 5 6 8 24 60 120 120
2 4 5 6 8 24 65 78 1560
2 4 5 6 8 24 65 104 1560
2 4 5 6 8 24 66 110 1320
2 4 5 6 8 24 68 85 2040
2 4 5 6 8 24 69 115 2760
2 4 5 6 8 24 70 84 840
2 4 5 6 8 24 70 105 840
2 4 5 6 8 24 72 90 360
2 4 5 6 8 24 75 100 600
2 4 5 6 8 24 76 95 2280
2 4 5 6 8 24 84 105 840
2 4 5 6 8 24 85 102 2040
2 4 5 6 8 24 88 110 1320
2 4 5 6 8 24 92 115 2760
2 4 5 6 8 24 95 114 2280
2 4 5 6 8 25 40 75 600
2 4 5 6 8 25 50 120 600
2 4 5 6 8 25 75 120 600
2 4 5 6 8 25 100 120 600
2 4 5 6 8 26 30 104 1560
2 4 5 6 8 26 39 40 1560
2 4 5 6 8 26 39 120 1560
2 4 5 6 8 26 40 78 1560
2 4 5 6 8 26 52 120 1560
2 4 5 6 8 26 60 104 1560
2 4 5 6 8 26 65 120 1560
2 4 5 6 8 26 78 120 1560
2 4 5 6 8 26 104 120 1560
2 4 5 6 8 27 40 54 1080
2 4 5 6 8 27 40 108 1080
2 4 5 6 8 27 54 120 1080
2 4 5 6 8 27 108 120 1080
2 4 5 6 8 28 30 56 840
2 4 5 6 8 28 35 120 840
2 4 5 6 8 28 40 42 840
2 4 5 6 8 28 40 84 840
2 4 5 6 8 28 40 105 840
2 4 5 6 8 28 42 120 840
2 4 5 6 8 28 56 60 840
2 4 5 6 8 28 56 105 840
2 4 5 6 8 28 56 120 840
2 4 5 6 8 28 70 120 840
2 4 5 6 8 28 84 120 840
2 4 5 6 8 28 105 120 840
2 4 5 6 8 29 40 87 3480
2 4 5 6 8 29 58 120 3480
2 4 5 6 8 29 87 120 3480
2 4 5 6 8 29 116 120 3480
2 4 5 6 8 30 32 96 480
2 4 5 6 8 30 33 88 1320
2 4 5 6 8 30 35 56 840
2 4 5 6 8 30 36 72 360
2 4 5 6 8 30 39 104 1560
2 4 5 6 8 30 40 60 120
2 4 5 6 8 30 40 120 120
2 4 5 6 8 30 42 56 840
2 4 5 6 8 30 44 88 1320
2 4 5 6 8 30 45 72 360
2 4 5 6 8 30 48 80 240
2 4 5 6 8 30 52 104 1560
2 4 5 6 8 30 55 88 1320
2 4 5 6 8 30 56 70 840
2 4 5 6 8 30 56 84 840
2 4 5 6 8 30 56 105 840
2 4 5 6 8 30 60 120 120
2 4 5 6 8 30 65 104 1560
2 4 5 6 8 30 66 88 1320
2 4 5 6 8 30 72 90 360
2 4 5 6 8 30 78 104 1560
2 4 5 6 8 30 88 110 1320
2 4 5 6 8 31 40 93 3720
2 4 5 6 8 31 62 120 3720
2 4 5 6 8 31 93 120 3720
2 4 5 6 8 31 120 124 3720
2 4 5 6 8 32 40 96 480
2 4 5 6 8 32 60 96 480
2 4 5 6 8 32 80 96 480
2 4 5 6 8 32 96 120 480
2 4 5 6 8 33 40 44 1320
2 4 5 6 8 33 40 55 1320
2 4 5 6 8 33 40 66 1320
2 4 5 6 8 33 40 88 1320
2 4 5 6 8 33 40 110 1320
2 4 5 6 8 33 44 120 1320
2 4 5 6 8 33 55 88 1320
2 4 5 6 8 33 55 120 1320
2 4 5 6 8 33 60 88 1320
2 4 5 6 8 33 66 120 1320
2 4 5 6 8 33 88 110 1320
2 4 5 6 8 33 88 120 1320
2 4 5 6 8 33 110 120 1320
2 4 5 6 8 34 40 51 2040
2 4 5 6 8 34 40 102 2040
2 4 5 6 8 34 51 120 2040
2 4 5 6 8 34 68 120 2040
2 4 5 6 8 34 85 120 2040
2 4 5 6 8 34 102 120 2040
2 4 5 6 8 35 40 42 840
2 4 5 6 8 35 40 84 840
2 4 5 6 8 35 40 105 840
2 4 5 6 8 35 42 56 840
2 4 5 6 8 35 42 120 840
2 4 5 6 8 35 48 112 1680
2 4 5 6 8 35 56 60 840
2 4 5 6 8 35 56 84 840
2 4 5 6 8 35 56 105 840
2 4 5 6 8 35 56 120 840
2 4 5 6 8 35 63 72 2520
2 4 5 6 8 35 70 120 840
2 4 5 6 8 35 72 126 2520
2 4 5 6 8 35 84 120 840
2 4 5 6 8 35 105 120 840
2 4 5 6 8 36 40 45 360
2 4 5 6 8 36 40 72 360
2 4 5 6 8 36 40 90 360
2 4 5 6 8 36 45 72 360
2 4 5 6 8 36 45 120 360
2 4 5 6 8 36 60 72 360
2 4 5 6 8 36 72 90 360
2 4 5 6 8 36 72 120 360
2 4 5 6 8 36 90 120 360
2 4 5 6 8 37 40 111 4440
2 4 5 6 8 37 74 120 4440
2 4 5 6 8 37 111 120 4440
2 4 5 6 8 38 40 57 2280
2 4 5 6 8 38 40 114 2280
2 4 5 6 8 38 57 120 2280
2 4 5 6 8 38 76 120 2280
2 4 5 6 8 38 95 120 2280
2 4 5 6 8 38 114 120 2280
2 4 5 6 8 39 40 52 1560
2 4 5 6 8 39 40 65 1560
2 4 5 6 8 39 40 78 1560
2 4 5 6 8 39 40 104 1560
2 4 5 6 8 39 52 120 1560
2 4 5 6 8 39 60 104 1560
2 4 5 6 8 39 65 104 1560
2 4 5 6 8 39 65 120 1560
2 4 5 6 8 39 78 120 1560
2 4 5 6 8 39 104 120 1560
2 4 5 6 8 40 41 123 4920
2 4 5 6 8 40 42 56 840
2 4 5 6 8 40 42 70 840
2 4 5 6 8 40 42 84 840
2 4 5 6 8 40 42 105 840
2 4 5 6 8 40 44 66 1320
2 4 5 6 8 40 45 72 360
2 4 5 6 8 40 45 90 360
2 4 5 6 8 40 46 69 2760
2 4 5 6 8 40 48 80 240
2 4 5 6 8 40 50 75 600
2 4 5 6 8 40 51 68 2040
2 4 5 6 8 40 51 85 2040
2 4 5 6 8 40 51 102 2040
2 4 5 6 8 40 52 78 1560
2 4 5 6 8 40 54 108 1080
2 4 5 6 8 40 55 66 1320
2 4 5 6 8 40 56 84 840
2 4 5 6 8 40 56 105 840
2 4 5 6 8 40 57 76 2280
2 4 5 6 8 40 57 95 2280
2 4 5 6 8 40 57 114 2280
2 4 5 6 8 40 58 87 3480
2 4 5 6 8 40 60 120 120
2 4 5 6 8 40 62 93 3720
2 4 5 6 8 40 63 126 2520
2 4 5 6 8 40 65 78 1560
2 4 5 6 8 40 66 88 1320
2 4 5 6 8 40 66 110 1320
2 4 5 6 8 40 68 102 2040
2 4 5 6 8 40 69 92 2760
2 4 5 6 8 40 69 115 2760
2 4 5 6 8 40 70 84 840
2 4 5 6 8 40 70 105 840
2 4 5 6 8 40 72 90 360
2 4 5 6 8 40 74 111 4440
2 4 5 6 8 40 75 100 600
2 4 5 6 8 40 76 114 2280
2 4 5 6 8 40 78 104 1560
2 4 5 6 8 40 82 123 4920
2 4 5 6 8 40 84 105 840
2 4 5 6 8 40 85 102 2040
2 4 5 6 8 40 87 116 3480
2 4 5 6 8 40 93 124 3720
2 4 5 6 8 40 95 114 2280
2 4 5 6 8 41 82 120 4920
2 4 5 6 8 41 120 123 4920
2 4 5 6 8 42 56 60 840
2 4 5 6 8 42 56 70 840
2 4 5 6 8 42 56 105 840
2 4 5 6 8 42 56 120 840
2 4 5 6 8 42 70 120 840
2 4 5 6 8 42 80 112 1680
2 4 5 6 8 42 84 120 840
2 4 5 6 8 42 105 120 840
2 4 5 6 8 43 86 120 5160
2 4 5 6 8 44 55 120 1320
2 4 5 6 8 44 60 88 1320
2 4 5 6 8 44 66 120 1320
2 4 5 6 8 44 88 120 1320
2 4 5 6 8 44 110 120 1320
2 4 5 6 8 45 56 63 2520
2 4 5 6 8 45 56 126 2520
2 4 5 6 8 45 60 72 360
2 4 5 6 8 45 72 90 360
2 4 5 6 8 45 72 120 360
2 4 5 6 8 45 88 99 3960
2 4 5 6 8 45 90 120 360
2 4 5 6 8 45 104 117 4680
2 4 5 6 8 46 69 120 2760
2 4 5 6 8 46 92 120 2760
2 4 5 6 8 46 115 120 2760
2 4 5 6 8 47 94 120 5640
2 4 5 6 8 48 60 80 240
2 4 5 6 8 48 70 112 1680
2 4 5 6 8 48 80 120 240
2 4 5 6 8 48 105 112 1680
2 4 5 6 8 49 98 120 5880
2 4 5 6 8 50 75 120 600
2 4 5 6 8 50 100 120 600
2 4 5 6 8 51 68 120 2040
2 4 5 6 8 51 85 120 2040
2 4 5 6 8 51 102 120 2040
2 4 5 6 8 52 60 104 1560
2 4 5 6 8 52 65 120 1560
2 4 5 6 8 52 78 120 1560
2 4 5 6 8 52 104 120 1560
2 4 5 6 8 53 106 120 6360
2 4 5 6 8 54 108 120 1080
2 4 5 6 8 55 60 88 1320
2 4 5 6 8 55 66 88 1320
2 4 5 6 8 55 66 120 1320
2 4 5 6 8 55 72 99 3960
2 4 5 6 8 55 88 120 1320
2 4 5 6 8 55 110 120 1320
2 4 5 6 8 56 60 70 840
2 4 5 6 8 56 60 84 840
2 4 5 6 8 56 60 105 840
2 4 5 6 8 56 63 90 2520
2 4 5 6 8 56 70 84 840
2 4 5 6 8 56 70 105 840
2 4 5 6 8 56 70 120 840
2 4 5 6 8 56 84 105 840
2 4 5 6 8 56 84 120 840
2 4 5 6 8 56 90 126 2520
2 4 5 6 8 56 105 120 840
2 4 5 6 8 57 76 120 2280
2 4 5 6 8 57 95 120 2280
2 4 5 6 8 57 114 120 2280
2 4 5 6 8 58 87 120 3480
2 4 5 6 8 58 116 120 3480
2 4 5 6 8 59 118 120 7080
2 4 5 6 8 60 65 104 1560
2 4 5 6 8 60 66 88 1320
2 4 5 6 8 60 72 90 360
2 4 5 6 8 60 78 104 1560
2 4 5 6 8 60 88 110 1320
2 4 5 6 8 61 120 122 7320
2 4 5 6 8 62 93 120 3720
2 4 5 6 8 62 120 124 3720
2 4 5 6 8 63 70 72 2520
2 4 5 6 8 63 72 105 2520
2 4 5 6 8 63 120 126 2520
2 4 5 6 8 65 72 117 4680
2 4 5 6 8 65 78 104 1560
2 4 5 6 8 65 78 120 1560
2 4 5 6 8 65 104 120 1560
2 4 5 6 8 66 88 110 1320
2 4 5 6 8 66 88 120 1320
2 4 5 6 8 66 110 120 1320
2 4 5 6 8 68 85 120 2040
2 4 5 6 8 68 102 120 2040
2 4 5 6 8 69 92 120 2760
2 4 5 6 8 69 115 120 2760
2 4 5 6 8 70 72 126 2520
2 4 5 6 8 70 84 120 840
2 4 5 6 8 70 105 120 840
2 4 5 6 8 72 90 120 360
2 4 5 6 8 72 99 110 3960
2 4 5 6 8 72 105 126 2520
2 4 5 6 8 74 111 120 4440
2 4 5 6 8 75 100 120 600
2 4 5 6 8 76 95 120 2280
2 4 5 6 8 76 114 120 2280
2 4 5 6 8 77 88 105 9240
2 4 5 6 8 78 104 120 1560
2 4 5 6 8 80 84 112 1680
2 4 5 6 8 80 105 112 1680
2 4 5 6 8 82 120 123 4920
2 4 5 6 8 84 105 120 840
2 4 5 6 8 85 102 120 2040
2 4 5 6 8 87 116 120 3480
2 4 5 6 8 88 90 99 3960
2 4 5 6 8 88 110 120 1320
2 4 5 6 8 90 104 117 4680
2 4 5 6 8 91 104 105 10920
2 4 5 6 8 92 115 120 2760
2 4 5 6 8 93 120 124 3720
2 4 5 6 8 95 114 120 2280
2 4 5 6 9 10 12 18 180
2 4 5 6 9 10 12 36 180
2 4 5 6 9 10 12 45 180
2 4 5 6 9 10 12 90 180
2 4 5 6 9 10 15 36 180
2 4 5 6 9 10 18 20 180
2 4 5 6 9 10 18 36 180
2 4 5 6 9 10 18 60 180
2 4 5 6 9 10 20 36 180
2 4 5 6 9 10 20 45 180
2 4 5 6 9 10 20 90 180
2 4 5 6 9 10 24 72 360
2 4 5 6 9 10 27 108 540
2 4 5 6 9 10 28 63 1260
2 4 5 6 9 10 28 126 1260
2 4 5 6 9 10 30 36 180
2 4 5 6 9 10 36 45 180
2 4 5 6 9 10 36 60 180
2 4 5 6 9 10 36 90 180
2 4 5 6 9 10 40 72 360
2 4 5 6 9 10 44 99 1980
2 4 5 6 9 10 45 60 180
2 4 5 6 9 10 52 117 2340
2 4 5 6 9 10 54 108 540
2 4 5 6 9 10 60 90 180
2 4 5 6 9 10 63 84 1260
2 4 5 6 9 10 72 120 360
2 4 5 6 9 10 84 126 1260
2 4 5 6 9 11 20 99 1980
2 4 5 6 9 11 36 55 1980
2 4 5 6 9 11 36 110 1980
2 4 5 6 9 11 44 45 1980
2 4 5 6 9 11 44 90 1980
2 4 5 6 9 11 60 99 1980
2 4 5 6 9 12 15 18 180
2 4 5 6 9 12 15 36 180
2 4 5 6 9 12 15 45 180
2 4 5 6 9 12 15 90 180
2 4 5 6 9 12 18 20 180
2 4 5 6 9 12 18 30 180
2 4 5 6 9 12 18 45 180
2 4 5 6 9 12 18 60 180
2 4 5 6 9 12 18 90 180
2 4 5 6 9 12 20 36 180
2 4 5 6 9 12 20 45 180
2 4 5 6 9 12 20 90 180
2 4 5 6 9 12 30 36 180
2 4 5 6 9 12 30 45 180
2 4 5 6 9 12 30 90 180
2 4 5 6 9 12 35 63 1260
2 4 5 6 9 12 35 126 1260
2 4 5 6 9 12 36 45 180
2 4 5 6 9 12 36 60 180
2 4 5 6 9 12 36 90 180
2 4 5 6 9 12 40 72 360
2 4 5 6 9 12 45 60 180
2 4 5 6 9 12 45 90 180
2 4 5 6 9 12 55 99 1980
2 4 5 6 9 12 60 90 180
2 4 5 6 9 12 63 70 1260
2 4 5 6 9 12 63 105 1260
2 4 5 6 9 12 65 117 2340
2 4 5 6 9 12 70 126 1260
2 4 5 6 9 12 72 120 360
2 4 5 6 9 12 99 110 1980
2 4 5 6 9 12 105 126 1260
2 4 5 6 9 13 20 117 2340
2 4 5 6 9 13 36 65 2340
2 4 5 6 9 13 45 52 2340
2 4 5 6 9 13 52 90 2340
2 4 5 6 9 13 60 117 2340
2 4 5 6 9 14 20 63 1260
2 4 5 6 9 14 20 126 1260
2 4 5 6 9 14 28 45 1260
2 4 5 6 9 14 28 90 1260
2 4 5 6 9 14 35 36 1260
2 4 5 6 9 14 36 70 1260
2 4 5 6 9 14 36 105 1260
2 4 5 6 9 14 45 84 1260
2 4 5 6 9 14 60 63 1260
2 4 5 6 9 14 60 126 1260
2 4 5 6 9 14 84 90 1260
2 4 5 6 9 15 18 20 180
2 4 5 6 9 15 18 36 180
2 4 5 6 9 15 18 60 180
2 4 5 6 9 15 20 36 180
2 4 5 6 9 15 20 45 180
2 4 5 6 9 15 20 90 180
2 4 5 6 9 15 24 72 360
2 4 5 6 9 15 27 108 540
2 4 5 6 9 15 28 63 1260
2 4 5 6 9 15 28 126 1260
2 4 5 6 9 15 30 36 180
2 4 5 6 9 15 36 45 180
2 4 5 6 9 15 36 60 180
2 4 5 6 9 15 36 90 180
2 4 5 6 9 15 40 72 360
2 4 5 6 9 15 44 99 1980
2 4 5 6 9 15 45 60 180
2 4 5 6 9 15 52 117 2340
2 4 5 6 9 15 54 108 540
2 4 5 6 9 15 60 90 180
2 4 5 6 9 15 63 84 1260
2 4 5 6 9 15 72 120 360
2 4 5 6 9 15 84 126 1260
2 4 5 6 9 16 18 80 720
2 4 5 6 9 16 36 80 720
2 4 5 6 9 16 45 48 720
2 4 5 6 9 16 45 80 720
2 4 5 6 9 16 48 90 720
2 4 5 6 9 16 72 80 720
2 4 5 6 9 16 80 90 720
2 4 5 6 9 17 36 85 3060
2 4 5 6 9 17 45 68 3060
2 4 5 6 9 17 68 90 3060
2 4 5 6 9 18 20 30 180
2 4 5 6 9 18 20 36 180
2 4 5 6 9 18 20 45 180
2 4 5 6 9 18 20 60 180
2 4 5 6 9 18 20 90 180
2 4 5 6 9 18 24 40 360
2 4 5 6 9 18 24 120 360
2 4 5 6 9 18 25 100 900
2 4 5 6 9 18 28 35 1260
2 4 5 6 9 18 28 70 1260
2 4 5 6 9 18 28 105 1260
2 4 5 6 9 18 30 36 180
2 4 5 6 9 18 30 60 180
2 4 5 6 9 18 35 84 1260
2 4 5 6 9 18 36 45 180
2 4 5 6 9 18 36 60 180
2 4 5 6 9 18 36 90 180
2 4 5 6 9 18 40 72 360
2 4 5 6 9 18 40 120 360
2 4 5 6 9 18 44 55 1980
2 4 5 6 9 18 44 110 1980
2 4 5 6 9 18 45 60 180
2 4 5 6 9 18 48 80 720
2 4 5 6 9 18 50 100 900
2 4 5 6 9 18 52 65 2340
2 4 5 6 9 18 60 90 180
2 4 5 6 9 18 68 85 3060
2 4 5 6 9 18 70 84 1260
2 4 5 6 9 18 72 120 360
2 4 5 6 9 18 75 100 900
2 4 5 6 9 18 76 95 3420
2 4 5 6 9 18 84 105 1260
2 4 5 6 9 18 92 115 4140
2 4 5 6 9 19 36 95 3420
2 4 5 6 9 19 45 76 3420
2 4 5 6 9 19 76 90 3420
2 4 5 6 9 20 21 63 1260
2 4 5 6 9 20 21 126 1260
2 4 5 6 9 20 22 99 1980
2 4 5 6 9 20 24 72 360
2 4 5 6 9 20 26 117 2340
2 4 5 6 9 20 27 54 540
2 4 5 6 9 20 27 108 540
2 4 5 6 9 20 28 63 1260
2 4 5 6 9 20 28 126 1260
2 4 5 6 9 20 30 36 180
2 4 5 6 9 20 30 45 180
2 4 5 6 9 20 30 90 180
2 4 5 6 9 20 33 99 1980
2 4 5 6 9 20 35 63 1260
2 4 5 6 9 20 35 126 1260
2 4 5 6 9 20 36 45 180
2 4 5 6 9 20 36 60 180
2 4 5 6 9 20 36 90 180
2 4 5 6 9 20 39 117 2340
2 4 5 6 9 20 40 72 360
2 4 5 6 9 20 42 63 1260
2 4 5 6 9 20 42 126 1260
2 4 5 6 9 20 44 99 1980
2 4 5 6 9 20 45 60 180
2 4 5 6 9 20 45 90 180
2 4 5 6 9 20 52 117 2340
2 4 5 6 9 20 54 108 540
2 4 5 6 9 20 55 99 1980
2 4 5 6 9 20 60 90 180
2 4 5 6 9 20 63 70 1260
2 4 5 6 9 20 63 84 1260
2 4 5 6 9 20 63 105 1260
2 4 5 6 9 20 63 126 1260
2 4 5 6 9 20 65 117 2340
2 4 5 6 9 20 66 99 1980
2 4 5 6 9 20 70 126 1260
2 4 5 6 9 20 72 120 360
2 4 5 6 9 20 78 117 2340
2 4 5 6 9 20 84 126 1260
2 4 5 6 9 20 99 110 1980
2 4 5 6 9 20 105 126 1260
2 4 5 6 9 21 28 45 1260
2 4 5 6 9 21 28 90 1260
2 4 5 6 9 21 35 36 1260
2 4 5 6 9 21 36 70 1260
2 4 5 6 9 21 36 105 1260
2 4 5 6 9 21 45 84 1260
2 4 5 6 9 21 60 63 1260
2 4 5 6 9 21 60 126 1260
2 4 5 6 9 21 84 90 1260
2 4 5 6 9 22 36 55 1980
2 4 5 6 9 22 36 110 1980
2 4 5 6 9 22 44 45 1980
2 4 5 6 9 22 44 90 1980
2 4 5 6 9 22 60 99 1980
2 4 5 6 9 23 36 115 4140
2 4 5 6 9 23 45 92 4140
2 4 5 6 9 23 90 92 4140
2 4 5 6 9 24 30 72 360
2 4 5 6 9 24 36 40 360
2 4 5 6 9 24 36 120 360
2 4 5 6 9 24 40 45 360
2 4 5 6 9 24 40 72 360
2 4 5 6 9 24 40 90 360
2 4 5 6 9 24 45 72 360
2 4 5 6 9 24 45 120 360
2 4 5 6 9 24 60 72 360
2 4 5 6 9 24 72 90 360
2 4 5 6 9 24 72 120 360
2 4 5 6 9 24 90 120 360
2 4 5 6 9 25 36 50 900
2 4 5 6 9 25 36 75 900
2 4 5 6 9 25 36 100 900
2 4 5 6 9 25 45 100 900
2 4 5 6 9 25 90 100 900
2 4 5 6 9 26 36 65 2340
2 4 5 6 9 26 45 52 2340
2 4 5 6 9 26 52 90 2340
2 4 5 6 9 26 60 117 2340
2 4 5 6 9 27 30 108 540
2 4 5 6 9 27 45 108 540
2 4 5 6 9 27 54 60 540
2 4 5 6 9 27 60 108 540
2 4 5 6 9 27 90 108 540
2 4 5 6 9 28 30 63 1260
2 4 5 6 9 28 30 126 1260
2 4 5 6 9 28 35 36 1260
2 4 5 6 9 28 35 45 1260
2 4 5 6 9 28 35 63 1260
2 4 5 6 9 28 35 90 1260
2 4 5 6 9 28 35 126 1260
2 4 5 6 9 28 36 70 1260
2 4 5 6 9 28 36 105 1260
2 4 5 6 9 28 42 45 1260
2 4 5 6 9 28 42 90 1260
2 4 5 6 9 28 45 63 1260
2 4 5 6 9 28 45 70 1260
2 4 5 6 9 28 45 84 1260
2 4 5 6 9 28 45 105 1260
2 4 5 6 9 28 45 126 1260
2 4 5 6 9 28 60 63 1260
2 4 5 6 9 28 60 126 1260
2 4 5 6 9 28 63 70 1260
2 4 5 6 9 28 63 90 1260
2 4 5 6 9 28 63 105 1260
2 4 5 6 9 28 70 90 1260
2 4 5 6 9 28 70 126 1260
2 4 5 6 9 28 84 90 1260
2 4 5 6 9 28 90 105 1260
2 4 5 6 9 28 90 126 1260
2 4 5 6 9 28 105 126 1260
2 4 5 6 9 29 45 116 5220
2 4 5 6 9 29 90 116 5220
2 4 5 6 9 30 36 45 180
2 4 5 6 9 30 36 60 180
2 4 5 6 9 30 36 90 180
2 4 5 6 9 30 40 72 360
2 4 5 6 9 30 44 99 1980
2 4 5 6 9 30 45 60 180
2 4 5 6 9 30 52 117 2340
2 4 5 6 9 30 54 108 540
2 4 5 6 9 30 60 90 180
2 4 5 6 9 30 63 84 1260
2 4 5 6 9 30 72 120 360
2 4 5 6 9 30 84 126 1260
2 4 5 6 9 31 45 124 5580
2 4 5 6 9 31 90 124 5580
2 4 5 6 9 32 45 96 1440
2 4 5 6 9 32 90 96 1440
