[2, 4, 6, 8, 9, 12, 18, 72] sum=1.305556 lcm=72
[2, 4, 6, 8, 9, 12, 36, 72] sum=1.277778 lcm=72
[2, 4, 6, 8, 9, 18, 24, 36] sum=1.277778 lcm=72
[2, 4, 6, 8, 9, 18, 24, 72] sum=1.263889 lcm=72
[2, 4, 6, 8, 9, 24, 36, 72] sum=1.236111 lcm=72
[2, 4, 6, 8, 12, 16, 32, 96] sum=1.229167 lcm=96
[2, 4, 6, 8, 12, 18, 36, 72] sum=1.222222 lcm=72
[2, 4, 6, 8, 12, 32, 48, 96] sum=1.187500 lcm=96
[2, 4, 6, 8, 16, 24, 32, 96] sum=1.187500 lcm=96
[2, 4, 6, 8, 16, 32, 48, 96] sum=1.166667 lcm=96
[2, 4, 6, 8, 18, 24, 36, 72] sum=1.180556 lcm=72
[2, 4, 6, 8, 24, 32, 48, 96] sum=1.145833 lcm=96
[2, 4, 6, 9, 12, 18, 24, 72] sum=1.222222 lcm=72
[2, 4, 6, 9, 12, 24, 36, 72] sum=1.194444 lcm=72
[2, 4, 6, 12, 16, 24, 32, 96] sum=1.145833 lcm=96
[2, 4, 6, 12, 18, 24, 36, 72] sum=1.138889 lcm=72
[2, 4, 6, 12, 24, 32, 48, 96] sum=1.104167 lcm=96
[2, 4, 8, 9, 12, 18, 24, 36] sum=1.194444 lcm=72
[2, 4, 8, 9, 12, 18, 24, 72] sum=1.180556 lcm=72
[2, 4, 8, 9, 12, 24, 36, 72] sum=1.152778 lcm=72
[2, 4, 8, 12, 16, 24, 32, 96] sum=1.104167 lcm=96
[2, 4, 8, 12, 16, 32, 48, 96] sum=1.083333 lcm=96
[2, 4, 8, 12, 18, 24, 36, 72] sum=1.097222 lcm=72
[2, 4, 8, 12, 24, 32, 48, 96] sum=1.062500 lcm=96
[2, 4, 8, 16, 24, 32, 48, 96] sum=1.041667 lcm=96
# file=k8_surv_2_4.txt checked=464406 irreducible=25 complete=True t=1910s
