[2, 3, 4, 6, 8, 9, 18, 72] sum=1.555556 lcm=72
[2, 3, 4, 6, 8, 9, 36, 72] sum=1.527778 lcm=72
[2, 3, 4, 6, 8, 16, 32, 96] sum=1.479167 lcm=96
[2, 3, 4, 6, 8, 18, 36, 72] sum=1.472222 lcm=72
[2, 3, 4, 6, 8, 32, 48, 96] sum=1.437500 lcm=96
[2, 3, 4, 6, 9, 18, 24, 72] sum=1.472222 lcm=72
[2, 3, 4, 6, 9, 24, 36, 72] sum=1.444444 lcm=72
[2, 3, 4, 6, 16, 24, 32, 96] sum=1.395833 lcm=96
[2, 3, 4, 6, 18, 24, 36, 72] sum=1.388889 lcm=72
[2, 3, 4, 6, 24, 32, 48, 96] sum=1.354167 lcm=96
[2, 3, 4, 8, 9, 12, 18, 72] sum=1.472222 lcm=72
[2, 3, 4, 8, 9, 12, 36, 72] sum=1.444444 lcm=72
[2, 3, 4, 8, 9, 18, 24, 36] sum=1.444444 lcm=72
[2, 3, 4, 8, 9, 18, 24, 72] sum=1.430556 lcm=72
[2, 3, 4, 8, 9, 24, 36, 72] sum=1.402778 lcm=72
[2, 3, 4, 8, 12, 16, 32, 96] sum=1.395833 lcm=96
[2, 3, 4, 8, 12, 18, 36, 72] sum=1.388889 lcm=72
[2, 3, 4, 8, 12, 32, 48, 96] sum=1.354167 lcm=96
[2, 3, 4, 8, 16, 24, 32, 96] sum=1.354167 lcm=96
[2, 3, 4, 8, 16, 32, 48, 96] sum=1.333333 lcm=96
[2, 3, 4, 8, 18, 24, 36, 72] sum=1.347222 lcm=72
[2, 3, 4, 8, 24, 32, 48, 96] sum=1.312500 lcm=96
[2, 3, 4, 9, 12, 18, 24, 72] sum=1.388889 lcm=72
[2, 3, 4, 9, 12, 24, 36, 72] sum=1.361111 lcm=72
[2, 3, 4, 12, 16, 24, 32, 96] sum=1.312500 lcm=96
[2, 3, 4, 12, 18, 24, 36, 72] sum=1.305556 lcm=72
[2, 3, 4, 12, 24, 32, 48, 96] sum=1.270833 lcm=96
[2, 3, 6, 8, 9, 12, 18, 72] sum=1.388889 lcm=72
[2, 3, 6, 8, 9, 12, 36, 72] sum=1.361111 lcm=72
[2, 3, 6, 8, 9, 18, 24, 36] sum=1.361111 lcm=72
[2, 3, 6, 8, 9, 18, 36, 72] sum=1.333333 lcm=72
[2, 3, 6, 8, 12, 16, 32, 96] sum=1.312500 lcm=96
[2, 3, 6, 8, 12, 18, 36, 72] sum=1.305556 lcm=72
[2, 3, 6, 8, 12, 32, 48, 96] sum=1.270833 lcm=96
[2, 3, 6, 9, 12, 18, 24, 72] sum=1.305556 lcm=72
[2, 3, 6, 9, 12, 24, 36, 72] sum=1.277778 lcm=72
[2, 3, 6, 9, 18, 24, 36, 72] sum=1.250000 lcm=72
[2, 3, 6, 12, 16, 24, 32, 96] sum=1.229167 lcm=96
[2, 3, 6, 12, 18, 24, 36, 72] sum=1.222222 lcm=72
[2, 3, 6, 12, 24, 32, 48, 96] sum=1.187500 lcm=96
# file=k8_surv_2_3.txt checked=377267 irreducible=40 complete=True t=1868s
