2 8 9 10 11 12 40 99 3960
2 8 9 10 11 12 45 88 3960
2 8 9 10 11 12 55 72 3960
2 8 9 10 11 12 72 110 3960
2 8 9 10 11 12 88 90 3960
2 8 9 10 11 12 99 120 3960
2 8 9 10 11 15 18 88 3960
2 8 9 10 11 15 22 72 3960
2 8 9 10 11 15 24 99 3960
2 8 9 10 11 15 33 72 3960
2 8 9 10 11 15 36 88 3960
2 8 9 10 11 15 40 99 3960
2 8 9 10 11 15 44 72 3960
2 8 9 10 11 15 45 88 3960
2 8 9 10 11 15 55 72 3960
2 8 9 10 11 15 66 72 3960
2 8 9 10 11 15 72 88 3960
2 8 9 10 11 15 72 99 3960
2 8 9 10 11 15 72 110 3960
2 8 9 10 11 15 88 90 3960
2 8 9 10 11 15 88 99 3960
2 8 9 10 11 15 99 120 3960
2 8 9 10 11 16 80 99 7920
2 8 9 10 11 18 20 88 3960
2 8 9 10 11 18 22 40 3960
2 8 9 10 11 18 22 120 3960
2 8 9 10 11 18 24 55 3960
2 8 9 10 11 18 24 110 3960
2 8 9 10 11 18 30 88 3960
2 8 9 10 11 18 33 40 3960
2 8 9 10 11 18 33 120 3960
2 8 9 10 11 18 40 44 3960
2 8 9 10 11 18 40 55 3960
2 8 9 10 11 18 40 66 3960
2 8 9 10 11 18 40 88 3960
2 8 9 10 11 18 40 99 3960
2 8 9 10 11 18 40 110 3960
2 8 9 10 11 18 44 120 3960
2 8 9 10 11 18 45 88 3960
2 8 9 10 11 18 55 72 3960
2 8 9 10 11 18 55 88 3960
2 8 9 10 11 18 55 120 3960
2 8 9 10 11 18 60 88 3960
2 8 9 10 11 18 66 120 3960
2 8 9 10 11 18 72 110 3960
2 8 9 10 11 18 88 90 3960
2 8 9 10 11 18 88 110 3960
2 8 9 10 11 18 88 120 3960
2 8 9 10 11 18 99 120 3960
2 8 9 10 11 20 22 72 3960
2 8 9 10 11 20 24 99 3960
2 8 9 10 11 20 33 72 3960
2 8 9 10 11 20 36 88 3960
2 8 9 10 11 20 40 99 3960
2 8 9 10 11 20 44 72 3960
2 8 9 10 11 20 45 88 3960
2 8 9 10 11 20 55 72 3960
2 8 9 10 11 20 66 72 3960
2 8 9 10 11 20 72 88 3960
2 8 9 10 11 20 72 99 3960
2 8 9 10 11 22 24 45 3960
2 8 9 10 11 22 24 90 3960
2 8 9 10 11 22 30 72 3960
2 8 9 10 11 22 36 40 3960
2 8 9 10 11 22 36 120 3960
2 8 9 10 11 22 40 45 3960
2 8 9 10 11 22 40 72 3960
2 8 9 10 11 22 40 90 3960
2 8 9 10 11 22 40 99 3960
2 8 9 10 11 22 45 72 3960
2 8 9 10 11 22 45 88 3960
2 8 9 10 11 22 45 120 3960
2 8 9 10 11 22 55 72 3960
2 8 9 10 11 22 60 72 3960
2 8 9 10 11 24 30 99 3960
2 8 9 10 11 24 33 45 3960
2 8 9 10 11 24 33 90 3960
2 8 9 10 11 24 36 55 3960
2 8 9 10 11 24 36 110 3960
2 8 9 10 11 24 40 99 3960
2 8 9 10 11 24 44 45 3960
2 8 9 10 11 24 44 90 3960
2 8 9 10 11 24 45 55 3960
2 8 9 10 11 24 45 66 3960
2 8 9 10 11 24 45 88 3960
2 8 9 10 11 24 45 99 3960
2 8 9 10 11 24 55 72 3960
2 8 9 10 11 30 33 72 3960
2 8 9 10 11 33 36 40 3960
2 8 9 10 11 33 40 45 3960
2 8 9 10 11 36 40 44 3960
2 8 9 10 12 13 40 117 4680
2 8 9 10 12 13 45 104 4680
2 8 9 10 12 13 65 72 4680
2 8 9 10 12 13 90 104 4680
2 8 9 10 12 13 117 120 4680
2 8 9 10 12 14 35 72 2520
2 8 9 10 12 14 40 63 2520
2 8 9 10 12 14 40 126 2520
2 8 9 10 12 14 45 56 2520
2 8 9 10 12 14 56 90 2520
2 8 9 10 12 14 63 120 2520
2 8 9 10 12 14 70 72 2520
2 8 9 10 12 14 72 105 2520
2 8 9 10 12 14 120 126 2520
2 8 9 10 12 15 18 24 360
2 8 9 10 12 15 18 40 360
2 8 9 10 12 15 18 72 360
2 8 9 10 12 15 18 120 360
2 8 9 10 12 15 20 72 360
2 8 9 10 12 15 24 36 360
2 8 9 10 12 15 24 45 360
2 8 9 10 12 15 24 72 360
2 8 9 10 12 15 24 90 360
2 8 9 10 12 15 30 72 360
2 8 9 10 12 15 36 40 360
2 8 9 10 12 15 36 72 360
2 8 9 10 12 15 36 120 360
2 8 9 10 12 15 40 45 360
2 8 9 10 12 15 40 72 360
2 8 9 10 12 15 40 90 360
2 8 9 10 12 15 45 72 360
2 8 9 10 12 15 45 120 360
2 8 9 10 12 15 56 63 2520
2 8 9 10 12 15 56 126 2520
2 8 9 10 12 15 60 72 360
2 8 9 10 12 15 72 90 360
2 8 9 10 12 15 72 120 360
2 8 9 10 12 15 88 99 3960
2 8 9 10 12 15 90 120 360
2 8 9 10 12 15 104 117 4680
2 8 9 10 12 16 18 80 720
2 8 9 10 12 16 36 80 720
2 8 9 10 12 16 45 48 720
2 8 9 10 12 16 45 80 720
2 8 9 10 12 16 48 90 720
2 8 9 10 12 16 72 80 720
2 8 9 10 12 16 80 90 720
2 8 9 10 12 17 72 85 6120
2 8 9 10 12 18 20 24 360
2 8 9 10 12 18 20 40 360
2 8 9 10 12 18 20 72 360
2 8 9 10 12 18 20 120 360
2 8 9 10 12 18 24 30 360
2 8 9 10 12 18 24 40 360
2 8 9 10 12 18 24 45 360
2 8 9 10 12 18 24 60 360
2 8 9 10 12 18 24 90 360
2 8 9 10 12 18 24 120 360
2 8 9 10 12 18 30 40 360
2 8 9 10 12 18 30 72 360
2 8 9 10 12 18 30 120 360
2 8 9 10 12 18 35 56 2520
2 8 9 10 12 18 36 40 360
2 8 9 10 12 18 36 120 360
2 8 9 10 12 18 40 45 360
2 8 9 10 12 18 40 60 360
2 8 9 10 12 18 40 72 360
2 8 9 10 12 18 40 90 360
2 8 9 10 12 18 40 120 360
2 8 9 10 12 18 45 72 360
2 8 9 10 12 18 45 120 360
2 8 9 10 12 18 48 80 720
2 8 9 10 12 18 55 88 3960
2 8 9 10 12 18 56 70 2520
2 8 9 10 12 18 56 105 2520
2 8 9 10 12 18 60 72 360
2 8 9 10 12 20 24 36 360
2 8 9 10 12 20 24 45 360
2 8 9 10 12 20 24 72 360
2 8 9 10 12 20 24 90 360
2 8 9 10 12 20 30 72 360
2 8 9 10 12 20 36 40 360
2 8 9 10 12 20 36 72 360
2 8 9 10 12 20 36 120 360
2 8 9 10 12 20 40 45 360
2 8 9 10 12 20 40 72 360
2 8 9 10 12 20 40 90 360
2 8 9 10 12 20 45 72 360
2 8 9 10 12 20 56 63 2520
2 8 9 10 12 21 35 72 2520
2 8 9 10 12 21 40 63 2520
2 8 9 10 12 21 45 56 2520
2 8 9 10 12 24 30 36 360
2 8 9 10 12 24 30 45 360
2 8 9 10 12 24 30 72 360
2 8 9 10 12 24 30 90 360
2 8 9 10 12 24 35 63 2520
2 8 9 10 12 24 36 40 360
2 8 9 10 12 24 36 45 360
2 8 9 10 12 24 36 60 360
2 8 9 10 12 24 40 45 360
2 8 9 10 12 30 36 40 360
2 8 9 10 13 15 18 104 4680
2 8 9 10 13 15 24 117 4680
2 8 9 10 13 15 26 72 4680
2 8 9 10 13 15 36 104 4680
2 8 9 10 13 15 39 72 4680
2 8 9 10 13 15 40 117 4680
2 8 9 10 13 15 45 104 4680
2 8 9 10 13 15 52 72 4680
2 8 9 10 13 15 65 72 4680
2 8 9 10 13 15 72 78 4680
2 8 9 10 13 15 72 104 4680
2 8 9 10 13 15 72 117 4680
2 8 9 10 13 15 90 104 4680
2 8 9 10 13 18 20 104 4680
2 8 9 10 13 18 24 65 4680
2 8 9 10 13 18 26 40 4680
2 8 9 10 13 18 26 120 4680
2 8 9 10 13 18 30 104 4680
2 8 9 10 13 18 39 40 4680
2 8 9 10 13 18 39 120 4680
2 8 9 10 13 18 40 52 4680
2 8 9 10 13 18 40 65 4680
2 8 9 10 13 18 40 78 4680
2 8 9 10 13 18 40 104 4680
2 8 9 10 13 18 40 117 4680
2 8 9 10 13 18 45 104 4680
2 8 9 10 13 20 24 117 4680
2 8 9 10 13 20 26 72 4680
2 8 9 10 13 20 36 104 4680
2 8 9 10 13 20 39 72 4680
2 8 9 10 13 24 26 45 4680
2 8 9 10 13 24 26 90 4680
2 8 9 10 13 24 39 45 4680
2 8 9 10 13 26 36 40 4680
2 8 9 10 14 15 18 56 2520
2 8 9 10 14 15 21 72 2520
2 8 9 10 14 15 24 63 2520
2 8 9 10 14 15 24 126 2520
2 8 9 10 14 15 28 72 2520
2 8 9 10 14 15 35 72 2520
2 8 9 10 14 15 36 56 2520
2 8 9 10 14 15 40 63 2520
2 8 9 10 14 15 40 126 2520
2 8 9 10 14 15 42 72 2520
2 8 9 10 14 15 45 56 2520
2 8 9 10 14 15 56 63 2520
2 8 9 10 14 15 56 72 2520
2 8 9 10 14 15 56 90 2520
2 8 9 10 14 15 63 72 2520
2 8 9 10 14 15 70 72 2520
2 8 9 10 14 16 45 112 5040
2 8 9 10 14 18 20 56 2520
2 8 9 10 14 18 21 40 2520
2 8 9 10 14 18 21 120 2520
2 8 9 10 14 18 24 35 2520
2 8 9 10 14 18 24 70 2520
2 8 9 10 14 18 24 105 2520
2 8 9 10 14 18 28 40 2520
2 8 9 10 14 18 28 120 2520
2 8 9 10 14 18 30 56 2520
2 8 9 10 14 18 35 40 2520
2 8 9 10 14 18 35 56 2520
2 8 9 10 14 18 35 72 2520
2 8 9 10 14 18 40 42 2520
2 8 9 10 14 18 40 56 2520
2 8 9 10 14 18 40 63 2520
2 8 9 10 14 18 40 70 2520
2 8 9 10 14 18 45 56 2520
2 8 9 10 14 20 21 72 2520
2 8 9 10 14 20 24 63 2520
2 8 9 10 14 20 24 126 2520
2 8 9 10 14 20 28 72 2520
2 8 9 10 14 20 36 56 2520
2 8 9 10 14 21 24 45 2520
2 8 9 10 14 21 24 90 2520
2 8 9 10 14 21 30 72 2520
2 8 9 10 14 21 36 40 2520
2 8 9 10 14 21 40 45 2520
2 8 9 10 14 24 28 45 2520
2 8 9 10 14 24 35 36 2520
2 8 9 10 15 16 18 48 720
2 8 9 10 15 16 18 80 720
2 8 9 10 15 16 36 48 720
2 8 9 10 15 16 36 80 720
2 8 9 10 15 16 45 48 720
2 8 9 10 15 17 34 72 6120
2 8 9 10 15 18 20 24 360
2 8 9 10 15 18 20 40 360
2 8 9 10 15 18 20 72 360
2 8 9 10 15 18 20 120 360
2 8 9 10 15 18 21 56 2520
2 8 9 10 15 18 22 88 3960
2 8 9 10 15 18 24 30 360
2 8 9 10 15 18 24 36 360
2 8 9 10 15 18 24 40 360
2 8 9 10 15 18 24 45 360
2 8 9 10 15 18 24 60 360
2 8 9 10 15 18 24 72 360
2 8 9 10 15 18 24 90 360
2 8 9 10 15 18 24 120 360
2 8 9 10 15 18 26 104 4680
2 8 9 10 15 18 28 56 2520
2 8 9 10 15 18 30 40 360
2 8 9 10 15 18 30 72 360
2 8 9 10 15 18 35 56 2520
2 8 9 10 15 18 36 40 360
2 8 9 10 15 18 40 45 360
2 8 9 10 15 20 24 36 360
2 8 9 10 15 20 24 45 360
2 8 9 10 15 20 24 72 360
2 8 9 10 15 20 24 90 360
2 8 9 10 15 20 36 40 360
2 8 9 10 15 21 24 63 2520
2 8 9 10 15 24 30 36 360
2 8 9 10 16 18 20 48 720
2 8 9 10 16 18 20 80 720
2 8 9 10 16 18 24 80 720
2 8 9 10 16 18 30 48 720
2 8 9 10 17 18 24 85 6120
2 8 9 10 17 18 34 40 6120
2 8 9 10 18 20 21 56 2520
2 8 9 10 18 20 24 30 360
2 8 9 10 18 20 24 36 360
2 8 9 10 18 20 24 40 360
2 8 9 10 18 20 24 45 360
2 8 9 10 18 21 24 35 2520
2 8 9 11 12 13 88 117 10296
2 8 9 11 12 13 99 104 10296
2 8 9 11 12 14 56 99 5544
2 8 9 11 12 14 63 88 5544
2 8 9 11 12 14 72 77 5544
2 8 9 11 12 14 88 126 5544
2 8 9 11 12 15 40 99 3960
2 8 9 11 12 15 45 88 3960
2 8 9 11 12 15 55 72 3960
2 8 9 11 12 16 48 99 1584
2 8 9 11 12 18 22 24 792
2 8 9 11 12 18 22 72 792
2 8 9 11 12 18 22 88 792
2 8 9 11 12 18 24 33 792
2 8 9 11 12 18 24 44 792
2 8 9 11 12 18 24 66 792
2 8 9 11 12 18 24 88 792
2 8 9 11 12 18 24 99 792
2 8 9 11 12 18 33 72 792
2 8 9 11 12 18 33 88 792
2 8 9 11 12 18 36 88 792
2 8 9 11 12 18 40 55 3960
2 8 9 11 12 18 44 72 792
2 8 9 11 12 22 24 36 792
2 8 9 11 12 22 24 72 792
2 8 9 11 12 22 24 99 792
2 8 9 11 12 22 40 45 3960
2 8 9 11 12 24 33 36 792
2 8 9 11 12 24 36 44 792
2 8 9 11 13 18 22 104 10296
2 8 9 11 13 18 26 88 10296
2 8 9 11 13 22 26 72 10296
2 8 9 11 14 18 21 88 5544
2 8 9 11 14 18 22 56 5544
2 8 9 11 14 18 24 77 5544
2 8 9 11 14 18 28 88 5544
2 8 9 11 14 18 33 56 5544
2 8 9 11 14 21 22 72 5544
2 8 9 11 14 22 24 63 5544
2 8 9 11 15 18 20 88 3960
2 8 9 11 15 18 22 40 3960
2 8 9 11 15 18 22 120 3960
2 8 9 11 15 18 24 55 3960
2 8 9 11 15 18 33 40 3960
2 8 9 11 15 20 22 72 3960
2 8 9 11 15 22 24 45 3960
2 8 9 11 16 18 22 48 1584
2 8 9 11 18 20 22 40 3960
2 8 9 12 13 18 24 26 936
2 8 9 12 13 18 24 39 936
2 8 9 12 13 18 24 52 936
2 8 9 12 13 18 24 78 936
2 8 9 12 13 18 24 104 936
2 8 9 12 13 18 24 117 936
2 8 9 12 13 18 26 72 936
2 8 9 12 13 24 26 36 936
2 8 9 12 14 16 18 112 1008
2 8 9 12 14 18 21 24 504
2 8 9 12 14 18 21 56 504
2 8 9 12 14 18 21 72 504
2 8 9 12 14 18 24 28 504
2 8 9 12 14 18 24 42 504
2 8 9 12 14 18 24 56 504
2 8 9 12 14 18 24 63 504
2 8 9 12 14 21 24 36 504
2 8 9 12 15 16 18 80 720
2 8 9 12 15 18 20 24 360
2 8 9 12 15 18 20 40 360
2 8 9 12 15 18 20 72 360
2 8 9 12 15 18 24 30 360
2 8 9 12 15 18 24 40 360
2 8 9 12 15 18 24 45 360
2 8 9 12 15 20 24 36 360
2 8 9 12 17 18 24 34 1224
2 8 9 14 15 18 21 40 2520
2 8 10 11 12 15 20 88 1320
2 8 10 11 12 15 22 24 1320
2 8 10 11 12 15 22 40 1320
2 8 10 11 12 15 22 88 1320
2 8 10 11 12 15 22 120 1320
2 8 10 11 12 15 24 33 1320
2 8 10 11 12 15 24 44 1320
2 8 10 11 12 15 24 55 1320
2 8 10 11 12 15 24 66 1320
2 8 10 11 12 15 24 88 1320
2 8 10 11 12 15 24 110 1320
2 8 10 11 12 15 30 88 1320
2 8 10 11 12 15 33 40 1320
2 8 10 11 12 15 33 88 1320
2 8 10 11 12 15 33 120 1320
2 8 10 11 12 15 40 44 1320
2 8 10 11 12 15 40 55 1320
2 8 10 11 12 15 40 66 1320
2 8 10 11 12 15 40 88 1320
2 8 10 11 12 16 33 80 2640
2 8 10 11 12 16 48 55 2640
2 8 10 11 12 20 22 24 1320
2 8 10 11 12 20 22 120 1320
2 8 10 11 12 20 24 33 1320
2 8 10 11 12 20 24 44 1320
2 8 10 11 12 20 24 55 1320
2 8 10 11 12 20 24 66 1320
2 8 10 11 12 20 24 88 1320
2 8 10 11 12 20 33 40 1320
2 8 10 11 12 22 24 30 1320
2 8 10 11 12 22 24 40 1320
2 8 10 11 12 22 24 55 1320
2 8 10 11 12 22 24 60 1320
2 8 10 11 12 22 30 40 1320
2 8 10 11 12 24 30 33 1320
2 8 10 11 13 22 26 40 5720
2 8 10 11 14 15 21 88 9240
2 8 10 11 14 15 24 77 9240
2 8 10 11 14 15 33 56 9240
2 8 10 11 14 20 22 56 3080
2 8 10 11 15 16 22 48 2640
2 8 10 11 15 20 22 24 1320
2 8 10 11 15 20 24 33 1320
2 8 10 11 15 22 24 30 1320
2 8 10 12 13 15 20 104 1560
2 8 10 12 13 15 24 26 1560
2 8 10 12 13 15 24 39 1560
2 8 10 12 13 15 24 52 1560
2 8 10 12 13 15 24 65 1560
2 8 10 12 13 15 24 78 1560
2 8 10 12 13 15 24 104 1560
2 8 10 12 13 15 26 40 1560
2 8 10 12 13 15 39 40 1560
2 8 10 12 13 20 24 26 1560
2 8 10 12 13 20 24 39 1560
2 8 10 12 14 15 16 112 1680
2 8 10 12 14 15 20 56 840
2 8 10 12 14 15 21 24 840
2 8 10 12 14 15 21 40 840
2 8 10 12 14 15 21 56 840
2 8 10 12 14 15 21 120 840
2 8 10 12 14 15 24 28 840
2 8 10 12 14 15 24 35 840
2 8 10 12 14 15 24 42 840
2 8 10 12 14 15 24 56 840
2 8 10 12 14 15 24 70 840
2 8 10 12 14 15 28 40 840
2 8 10 12 14 16 21 80 1680
2 8 10 12 14 20 21 24 840
2 8 10 12 14 20 21 40 840
2 8 10 12 14 20 24 28 840
2 8 10 12 14 21 24 30 840
2 8 10 12 15 16 20 48 240
2 8 10 12 15 17 24 34 2040
2 8 10 14 15 20 21 24 840
2 8 11 12 13 22 24 26 3432
2 8 11 12 14 21 22 24 1848
2 8 11 12 15 20 22 24 1320
