3 6 7 8 9 10 35 72 2520
3 6 7 8 9 10 40 63 2520
3 6 7 8 9 10 40 126 2520
3 6 7 8 9 10 45 56 2520
3 6 7 8 9 10 56 90 2520
3 6 7 8 9 10 63 120 2520
3 6 7 8 9 10 70 72 2520
3 6 7 8 9 10 72 105 2520
3 6 7 8 9 12 14 72 504
3 6 7 8 9 12 18 56 504
3 6 7 8 9 12 21 72 504
3 6 7 8 9 12 24 63 504
3 6 7 8 9 12 24 126 504
3 6 7 8 9 12 28 72 504
3 6 7 8 9 12 36 56 504
3 6 7 8 9 14 18 24 504
3 6 7 8 9 14 18 56 504
3 6 7 8 9 14 18 72 504
3 6 7 8 9 14 21 72 504
3 6 7 8 9 14 24 36 504
3 6 7 8 9 14 24 63 504
3 6 7 8 9 14 24 72 504
3 6 7 8 9 16 18 112 1008
3 6 7 8 9 18 21 24 504
3 6 7 8 9 18 24 28 504
3 6 7 8 10 12 14 40 840
3 6 7 8 10 12 14 120 840
3 6 7 8 10 12 15 56 840
3 6 7 8 10 12 20 56 840
3 6 7 8 10 12 21 40 840
3 6 7 8 10 12 21 120 840
3 6 7 8 10 12 24 35 840
3 6 7 8 10 12 24 70 840
3 6 7 8 10 12 24 105 840
3 6 7 8 10 12 28 40 840
3 6 7 8 10 12 30 56 840
3 6 7 8 10 12 35 40 840
3 6 7 8 10 14 15 24 840
3 6 7 8 10 14 15 40 840
3 6 7 8 10 14 15 56 840
3 6 7 8 10 14 15 120 840
3 6 7 8 10 14 16 80 1680
3 6 7 8 10 14 20 24 840
3 6 7 8 10 14 20 40 840
3 6 7 8 10 14 20 56 840
3 6 7 8 10 14 21 40 840
3 6 7 8 10 14 24 30 840
3 6 7 8 10 14 24 35 840
3 6 7 8 10 14 24 40 840
3 6 7 8 10 15 16 112 1680
3 6 7 8 10 15 20 56 840
3 6 7 8 10 15 21 24 840
3 6 7 8 10 15 21 40 840
3 6 7 8 10 15 24 28 840
3 6 7 8 10 15 24 35 840
3 6 7 8 10 20 21 24 840
3 6 7 8 11 12 14 88 1848
3 6 7 8 11 12 21 88 1848
3 6 7 8 11 12 22 56 1848
3 6 7 8 11 14 22 24 1848
3 6 7 8 11 14 24 33 1848
3 6 7 8 12 13 14 104 2184
3 6 7 8 12 14 15 40 840
3 6 7 8 12 14 16 48 336
3 6 7 8 12 14 21 24 168
3 6 7 9 10 12 20 63 1260
3 6 7 9 10 14 15 18 630
3 6 7 9 10 14 15 45 630
3 6 7 9 10 14 15 63 630
3 6 7 9 10 14 15 90 630
3 6 7 9 10 14 18 30 630
3 6 7 9 10 14 18 35 630
3 6 7 9 10 14 18 45 630
3 6 7 9 10 14 20 36 1260
3 6 7 9 10 15 18 21 630
3 6 7 9 10 15 18 35 630
3 6 7 9 11 14 18 22 1386
3 6 7 9 11 14 18 33 1386
3 6 7 10 11 14 15 22 2310
3 6 7 10 11 14 15 33 2310
3 6 7 10 12 14 15 20 420
