2 9 10 11 12 15 18 44 1980
2 9 10 11 12 15 20 99 1980
2 9 10 11 12 15 22 36 1980
2 9 10 11 12 15 33 36 1980
2 9 10 11 12 15 36 44 1980
2 9 10 11 12 18 20 22 1980
2 9 10 11 12 18 20 33 1980
2 9 10 11 12 18 20 44 1980
2 9 10 11 12 18 20 55 1980
2 9 10 11 12 18 20 66 1980
2 9 10 11 12 18 20 99 1980
2 9 10 11 12 18 22 60 1980
2 9 10 11 12 20 22 36 1980
2 9 10 11 12 20 22 45 1980
2 9 10 11 14 15 18 77 6930
2 9 10 11 14 15 22 63 6930
2 9 10 11 14 18 22 35 6930
2 9 10 11 15 18 22 30 990
2 9 10 12 13 15 18 52 2340
2 9 10 12 13 15 26 36 2340
2 9 10 12 13 18 20 26 2340
2 9 10 12 13 18 20 39 2340
2 9 10 12 14 15 18 28 1260
2 9 10 12 14 15 21 36 1260
2 9 10 12 14 18 20 21 1260
2 9 10 12 14 18 20 28 1260
2 9 11 12 15 18 20 22 1980
