2 3 25 26 27 39 50 54 17550
2 3 25 26 27 39 54 75 17550
2 3 25 26 27 50 54 65 17550
2 3 25 26 27 50 54 78 17550
2 3 25 26 28 30 91 100 27300
2 3 25 26 28 35 39 100 27300
2 3 25 26 28 35 52 75 27300
2 3 25 26 28 39 42 100 27300
2 3 25 26 28 39 50 84 27300
2 3 25 26 28 42 50 52 27300
2 3 25 26 28 42 52 75 27300
2 3 25 26 28 42 52 100 27300
2 3 25 26 29 39 50 58 56550
2 3 25 26 29 39 50 87 56550
2 3 25 26 29 39 58 75 56550
2 3 25 26 30 35 50 91 13650
2 3 25 26 30 39 50 65 1950
2 3 25 26 30 39 50 75 1950
2 3 25 26 30 39 50 78 1950
2 3 25 26 30 50 52 60 3900
2 3 25 26 31 39 50 62 60450
2 3 25 26 31 39 50 93 60450
2 3 25 26 33 39 44 100 42900
2 3 25 26 33 39 50 55 21450
2 3 25 26 33 39 50 66 21450
2 3 25 26 33 44 50 52 42900
2 3 25 26 34 39 50 51 33150
2 3 25 26 35 39 42 50 13650
2 3 25 26 35 39 42 75 13650
2 3 25 26 35 39 50 70 13650
2 3 25 26 36 45 50 52 11700
2 3 25 26 38 39 50 57 37050
2 3 25 27 28 35 50 108 18900
2 3 25 27 28 35 54 100 18900
2 3 25 27 29 50 54 58 39150
2 3 25 27 30 36 50 108 2700
2 3 25 27 30 45 50 54 1350
2 3 25 27 35 42 50 54 9450
2 3 25 28 30 35 42 100 2100
2 3 25 28 30 35 50 60 2100
2 3 25 28 30 35 50 84 2100
2 3 25 28 30 35 50 100 2100
2 3 25 28 30 35 60 75 2100
2 3 25 28 30 36 50 63 6300
2 3 25 28 30 40 50 56 4200
2 3 25 28 30 42 50 60 2100
2 3 25 28 33 35 44 50 23100
2 3 25 28 33 35 44 75 23100
2 3 25 28 33 35 44 100 23100
2 3 25 28 33 42 44 50 23100
2 3 25 28 35 36 45 50 6300
2 3 25 28 35 36 45 75 6300
2 3 25 28 35 36 50 63 6300
2 3 25 28 35 39 50 52 27300
2 3 25 28 36 42 45 50 6300
