2 3 22 23 24 30 88 115 30360
2 3 22 23 24 33 40 115 30360
2 3 22 23 24 33 46 88 6072
2 3 22 23 24 33 69 88 6072
2 3 22 23 24 33 88 92 6072
2 3 22 23 24 33 115 120 30360
2 3 22 23 24 40 44 115 30360
2 3 22 23 24 40 46 55 30360
2 3 22 23 24 40 46 110 30360
2 3 22 23 24 40 55 69 30360
2 3 22 23 24 40 55 92 30360
2 3 22 23 24 40 55 115 30360
2 3 22 23 24 40 66 115 30360
2 3 22 23 24 40 69 110 30360
2 3 22 23 24 40 88 115 30360
2 3 22 23 24 40 92 110 30360
2 3 22 23 24 40 110 115 30360
2 3 22 23 24 44 46 88 6072
2 3 22 23 24 44 69 88 6072
2 3 22 23 24 44 88 92 6072
2 3 22 23 24 44 115 120 30360
2 3 22 23 24 46 55 120 30360
2 3 22 23 24 46 56 77 42504
2 3 22 23 24 46 66 88 6072
2 3 22 23 24 46 69 88 6072
2 3 22 23 24 46 72 99 18216
2 3 22 23 24 46 88 92 6072
2 3 22 23 24 46 110 120 30360
2 3 22 23 24 55 69 120 30360
2 3 22 23 24 55 88 115 30360
2 3 22 23 24 55 92 120 30360
2 3 22 23 24 56 69 77 42504
2 3 22 23 24 56 77 92 42504
2 3 22 23 24 60 88 115 30360
2 3 22 23 24 66 69 88 6072
2 3 22 23 24 66 88 92 6072
2 3 22 23 24 69 72 99 18216
2 3 22 23 24 69 88 92 6072
2 3 22 23 25 33 46 50 37950
2 3 22 23 25 33 46 75 37950
2 3 22 23 25 33 50 69 37950
2 3 22 23 25 33 50 115 37950
2 3 22 23 25 33 69 75 37950
2 3 22 23 25 33 75 115 37950
2 3 22 23 25 33 92 100 75900
2 3 22 23 25 44 69 100 75900
2 3 22 23 25 44 75 92 75900
2 3 22 23 25 46 50 66 37950
2 3 22 23 25 46 55 75 37950
2 3 22 23 25 46 66 75 37950
2 3 22 23 25 46 75 110 37950
2 3 22 23 25 50 55 69 37950
2 3 22 23 25 50 66 69 37950
2 3 22 23 25 50 66 115 37950
2 3 22 23 25 50 69 110 37950
2 3 22 23 25 55 69 75 37950
2 3 22 23 25 55 75 115 37950
2 3 22 23 25 66 69 75 37950
2 3 22 23 26 33 39 46 19734
2 3 22 23 26 33 39 69 19734
2 3 22 23 26 33 46 78 19734
2 3 22 23 26 33 52 92 39468
2 3 22 23 26 33 65 115 98670
2 3 22 23 26 33 69 78 19734
2 3 22 23 26 39 44 92 39468
2 3 22 23 26 39 46 66 19734
2 3 22 23 26 39 55 115 98670
2 3 22 23 26 39 66 69 19734
2 3 22 23 26 39 110 115 98670
2 3 22 23 26 44 52 69 39468
2 3 22 23 26 44 78 92 39468
2 3 22 23 26 46 66 78 19734
2 3 22 23 26 46 99 117 59202
2 3 22 23 26 52 66 92 39468
2 3 22 23 26 55 65 69 98670
2 3 22 23 26 55 78 115 98670
2 3 22 23 26 66 69 78 19734
2 3 22 23 27 33 46 54 13662
2 3 22 23 27 33 54 69 13662
2 3 22 23 27 33 92 108 27324
2 3 22 23 27 44 46 108 27324
2 3 22 23 27 44 54 92 27324
2 3 22 23 27 44 69 108 27324
2 3 22 23 27 44 92 108 27324
2 3 22 23 27 46 54 66 13662
2 3 22 23 27 46 54 99 13662
2 3 22 23 27 54 55 115 68310
2 3 22 23 27 54 66 69 13662
2 3 22 23 27 54 69 99 13662
2 3 22 23 28 33 42 92 21252
2 3 22 23 28 33 46 84 21252
2 3 22 23 28 33 69 84 21252
2 3 22 23 28 33 77 92 21252
2 3 22 23 28 33 84 92 21252
2 3 22 23 28 42 44 46 21252
2 3 22 23 28 42 44 69 21252
2 3 22 23 28 42 44 92 21252
2 3 22 23 28 42 66 92 21252
2 3 22 23 28 42 77 92 21252
2 3 22 23 28 44 46 84 21252
2 3 22 23 28 44 69 77 21252
2 3 22 23 28 44 69 84 21252
2 3 22 23 28 44 84 92 21252
2 3 22 23 28 46 66 84 21252
2 3 22 23 28 46 77 84 21252
2 3 22 23 28 56 69 88 42504
2 3 22 23 29 33 46 58 44022
2 3 22 23 29 33 46 87 44022
2 3 22 23 29 33 58 69 44022
2 3 22 23 29 33 69 87 44022
2 3 22 23 29 33 92 116 88044
2 3 22 23 29 44 69 116 88044
2 3 22 23 29 44 87 92 88044
2 3 22 23 29 46 58 66 44022
2 3 22 23 29 46 66 87 44022
2 3 22 23 29 58 66 69 44022
2 3 22 23 30 33 46 55 7590
2 3 22 23 30 33 46 110 7590
2 3 22 23 30 33 46 115 7590
2 3 22 23 30 33 55 69 7590
2 3 22 23 30 33 55 115 7590
2 3 22 23 30 33 60 92 15180
2 3 22 23 30 33 66 115 7590
2 3 22 23 30 33 69 110 7590
2 3 22 23 30 33 69 115 7590
2 3 22 23 30 33 110 115 7590
2 3 22 23 30 35 46 77 53130
2 3 22 23 30 35 69 77 53130
2 3 22 23 30 35 77 115 53130
2 3 22 23 30 40 46 88 30360
2 3 22 23 30 40 69 88 30360
2 3 22 23 30 40 88 92 30360
2 3 22 23 30 40 88 115 30360
2 3 22 23 30 42 77 115 53130
2 3 22 23 30 44 46 60 15180
2 3 22 23 30 44 55 92 15180
2 3 22 23 30 44 60 69 15180
2 3 22 23 30 44 60 92 15180
2 3 22 23 30 44 60 115 15180
2 3 22 23 30 45 46 99 22770
2 3 22 23 30 45 69 99 22770
2 3 22 23 30 46 55 66 7590
2 3 22 23 30 46 55 69 7590
2 3 22 23 30 46 55 110 7590
2 3 22 23 30 46 55 115 7590
2 3 22 23 30 46 66 110 7590
2 3 22 23 30 46 66 115 7590
2 3 22 23 30 46 69 110 7590
2 3 22 23 30 46 70 77 53130
2 3 22 23 30 55 60 92 15180
2 3 22 23 30 55 66 69 7590
2 3 22 23 31 33 46 62 47058
2 3 22 23 31 33 46 93 47058
2 3 22 23 31 33 62 69 47058
2 3 22 23 31 33 69 93 47058
2 3 22 23 31 33 92 124 94116
2 3 22 23 31 46 62 66 47058
2 3 22 23 31 46 66 93 47058
2 3 22 23 31 62 66 69 47058
2 3 22 23 32 33 46 96 24288
2 3 22 23 32 33 69 96 24288
2 3 22 23 32 33 92 96 24288
2 3 22 23 32 44 46 96 24288
2 3 22 23 32 44 69 96 24288
2 3 22 23 32 46 66 96 24288
2 3 22 23 33 34 46 51 25806
2 3 22 23 33 34 46 102 25806
2 3 22 23 33 34 51 69 25806
2 3 22 23 33 34 68 92 51612
2 3 22 23 33 34 69 102 25806
2 3 22 23 33 34 85 115 129030
2 3 22 23 33 35 42 115 53130
2 3 22 23 33 35 46 70 53130
2 3 22 23 33 35 46 105 53130
2 3 22 23 33 35 69 70 53130
2 3 22 23 33 35 69 105 53130
2 3 22 23 33 35 70 115 53130
2 3 22 23 33 35 77 115 53130
2 3 22 23 33 36 92 99 9108
2 3 22 23 33 37 46 74 56166
2 3 22 23 33 37 46 111 56166
2 3 22 23 33 37 69 74 56166
2 3 22 23 33 37 69 111 56166
2 3 22 23 33 38 46 57 28842
2 3 22 23 33 38 46 114 28842
2 3 22 23 33 38 57 69 28842
2 3 22 23 33 38 69 114 28842
2 3 22 23 33 38 76 92 57684
2 3 22 23 33 39 46 78 19734
2 3 22 23 33 39 52 92 39468
2 3 22 23 33 39 65 115 98670
2 3 22 23 33 39 69 78 19734
2 3 22 23 33 40 46 120 30360
2 3 22 23 33 40 69 120 30360
2 3 22 23 33 41 46 82 62238
2 3 22 23 33 41 46 123 62238
2 3 22 23 33 41 69 82 62238
2 3 22 23 33 42 46 77 10626
2 3 22 23 33 42 69 77 10626
2 3 22 23 33 43 46 86 65274
2 3 22 23 33 43 69 86 65274
2 3 22 23 33 44 46 92 3036
2 3 22 23 33 44 60 115 15180
2 3 22 23 33 44 66 92 3036
2 3 22 23 33 44 69 92 3036
2 3 22 23 33 45 46 90 22770
2 3 22 23 33 45 69 90 22770
2 3 22 23 33 46 47 94 71346
2 3 22 23 33 46 49 98 74382
2 3 22 23 33 46 50 75 37950
2 3 22 23 33 46 51 102 25806
2 3 22 23 33 46 53 106 80454
2 3 22 23 33 46 55 110 7590
2 3 22 23 33 46 55 115 7590
2 3 22 23 33 46 57 114 28842
2 3 22 23 33 46 58 87 44022
2 3 22 23 33 46 62 93 47058
2 3 22 23 33 46 66 69 1518
2 3 22 23 33 50 69 75 37950
2 3 22 23 34 44 51 92 51612
2 3 22 23 34 44 68 69 51612
2 3 22 23 34 46 51 66 25806
2 3 22 23 34 51 66 69 25806
2 3 22 23 35 42 46 55 53130
2 3 22 23 35 42 46 110 53130
2 3 22 23 35 42 55 69 53130
2 3 22 23 35 42 55 115 53130
2 3 22 23 35 46 55 105 53130
2 3 22 23 35 46 66 70 53130
2 3 22 23 36 44 45 115 45540
2 3 22 23 36 44 46 99 9108
2 3 22 23 36 45 55 92 45540
2 3 22 23 38 46 57 66 28842
2 3 22 23 39 44 46 52 39468
2 3 22 23 39 44 52 69 39468
2 3 22 23 39 44 52 92 39468
2 3 22 23 39 46 55 65 98670
2 3 22 23 40 44 46 120 30360
2 3 22 23 42 44 46 84 21252
2 3 22 23 42 46 55 70 53130
2 3 22 23 44 46 51 68 51612
2 3 22 23 44 46 55 60 15180
2 3 22 24 25 30 50 88 6600
2 3 22 24 25 30 75 88 6600
2 3 22 24 25 30 88 100 6600
2 3 22 24 25 33 40 50 6600
2 3 22 24 25 33 40 75 6600
2 3 22 24 25 33 40 100 6600
2 3 22 24 25 33 50 88 6600
2 3 22 24 25 33 50 120 6600
2 3 22 24 25 33 75 88 6600
2 3 22 24 25 33 75 120 6600
2 3 22 24 25 33 88 100 6600
2 3 22 24 25 33 100 120 6600
2 3 22 24 25 40 44 50 6600
2 3 22 24 25 40 44 75 6600
2 3 22 24 25 40 44 100 6600
2 3 22 24 25 40 50 55 6600
2 3 22 24 25 40 50 66 6600
2 3 22 24 25 40 50 88 6600
2 3 22 24 25 40 50 110 6600
2 3 22 24 25 40 55 75 6600
2 3 22 24 25 40 55 100 6600
2 3 22 24 25 40 66 75 6600
2 3 22 24 25 40 66 100 6600
2 3 22 24 25 40 75 88 6600
2 3 22 24 25 40 75 110 6600
2 3 22 24 25 40 88 100 6600
2 3 22 24 25 40 100 110 6600
2 3 22 24 25 44 50 88 6600
2 3 22 24 25 44 50 120 6600
2 3 22 24 25 44 75 88 6600
2 3 22 24 25 44 75 120 6600
2 3 22 24 25 44 88 100 6600
2 3 22 24 25 44 100 120 6600
2 3 22 24 25 50 55 88 6600
2 3 22 24 25 50 55 120 6600
2 3 22 24 25 50 56 77 46200
2 3 22 24 25 50 60 88 6600
2 3 22 24 25 50 66 88 6600
2 3 22 24 25 50 66 120 6600
2 3 22 24 25 50 72 99 19800
2 3 22 24 25 50 75 88 6600
2 3 22 24 25 50 88 100 6600
2 3 22 24 25 50 88 110 6600
2 3 22 24 25 50 88 120 6600
2 3 22 24 25 55 75 88 6600
2 3 22 24 25 55 75 120 6600
2 3 22 24 25 56 75 77 46200
2 3 22 24 25 56 77 100 46200
2 3 22 24 25 60 75 88 6600
2 3 22 24 25 66 75 88 6600
2 3 22 24 26 28 77 104 24024
2 3 22 24 26 28 88 91 24024
2 3 22 24 26 30 55 104 17160
2 3 22 24 26 30 65 88 17160
2 3 22 24 26 30 104 110 17160
2 3 22 24 26 33 39 88 3432
2 3 22 24 26 33 39 104 3432
2 3 22 24 26 33 40 65 17160
2 3 22 24 26 33 44 104 3432
2 3 22 24 26 33 52 88 3432
2 3 22 24 26 33 52 104 3432
2 3 22 24 26 33 56 91 24024
2 3 22 24 26 33 65 120 17160
2 3 22 24 26 33 66 104 3432
2 3 22 24 26 33 72 117 10296
2 3 22 24 26 33 78 88 3432
2 3 22 24 26 33 78 104 3432
2 3 22 24 26 33 88 104 3432
2 3 22 24 26 36 88 117 10296
2 3 22 24 26 36 99 104 10296
2 3 22 24 26 39 40 55 17160
2 3 22 24 26 39 40 110 17160
2 3 22 24 26 39 44 88 3432
2 3 22 24 26 39 44 104 3432
2 3 22 24 26 39 52 88 3432
2 3 22 24 26 39 55 120 17160
2 3 22 24 26 39 56 77 24024
2 3 22 24 26 39 66 88 3432
2 3 22 24 26 39 66 104 3432
2 3 22 24 26 39 72 99 10296
2 3 22 24 26 39 78 88 3432
2 3 22 24 26 39 88 104 3432
2 3 22 24 26 39 110 120 17160
2 3 22 24 26 40 44 65 17160
2 3 22 24 26 40 52 55 17160
2 3 22 24 26 40 52 110 17160
2 3 22 24 26 40 55 65 17160
2 3 22 24 26 40 55 78 17160
2 3 22 24 26 40 55 104 17160
2 3 22 24 26 40 65 66 17160
2 3 22 24 26 40 65 88 17160
2 3 22 24 26 40 65 110 17160
2 3 22 24 26 40 78 110 17160
2 3 22 24 26 40 104 110 17160
2 3 22 24 26 42 77 104 24024
2 3 22 24 26 42 88 91 24024
2 3 22 24 26 44 52 88 3432
2 3 22 24 26 44 52 104 3432
2 3 22 24 26 44 56 91 24024
2 3 22 24 26 44 65 120 17160
2 3 22 24 26 44 66 104 3432
2 3 22 24 26 44 72 117 10296
2 3 22 24 26 44 78 88 3432
2 3 22 24 26 44 78 104 3432
2 3 22 24 26 44 88 104 3432
2 3 22 24 26 52 55 120 17160
2 3 22 24 26 52 56 77 24024
2 3 22 24 26 52 66 88 3432
2 3 22 24 26 52 66 104 3432
2 3 22 24 26 52 72 99 10296
2 3 22 24 26 52 78 88 3432
2 3 22 24 26 55 60 104 17160
2 3 22 24 26 55 65 88 17160
2 3 22 24 26 55 65 104 17160
2 3 22 24 26 55 65 120 17160
2 3 22 24 26 56 66 91 24024
2 3 22 24 26 56 77 78 24024
2 3 22 24 26 56 77 91 24024
2 3 22 24 26 60 65 88 17160
2 3 22 24 27 33 54 72 2376
2 3 22 24 27 33 54 88 2376
2 3 22 24 27 33 72 108 2376
2 3 22 24 27 33 88 108 2376
2 3 22 24 27 36 54 88 2376
2 3 22 24 27 36 88 108 2376
2 3 22 24 27 40 54 55 11880
2 3 22 24 27 40 54 110 11880
2 3 22 24 27 40 55 108 11880
2 3 22 24 27 40 108 110 11880
2 3 22 24 27 44 54 72 2376
2 3 22 24 27 44 54 88 2376
2 3 22 24 27 44 72 108 2376
2 3 22 24 27 44 88 108 2376
2 3 22 24 27 54 55 120 11880
2 3 22 24 27 54 56 77 16632
2 3 22 24 27 54 66 72 2376
2 3 22 24 27 54 66 88 2376
2 3 22 24 27 54 72 88 2376
2 3 22 24 28 30 35 88 9240
2 3 22 24 28 30 40 77 9240
2 3 22 24 28 30 55 56 9240
2 3 22 24 28 30 56 110 9240
2 3 22 24 28 30 70 88 9240
2 3 22 24 28 30 77 120 9240
2 3 22 24 28 30 88 105 9240
2 3 22 24 28 32 77 96 7392
2 3 22 24 28 33 35 40 9240
2 3 22 24 28 33 35 120 9240
2 3 22 24 28 33 40 70 9240
2 3 22 24 28 33 40 105 9240
2 3 22 24 28 33 42 56 1848
2 3 22 24 28 33 42 88 1848
2 3 22 24 28 33 44 56 1848
2 3 22 24 28 33 48 112 3696
2 3 22 24 28 33 56 66 1848
2 3 22 24 28 33 56 77 1848
2 3 22 24 28 33 56 84 1848
2 3 22 24 28 33 56 88 1848
2 3 22 24 28 33 63 72 5544
2 3 22 24 28 33 70 120 9240
2 3 22 24 28 33 72 126 5544
2 3 22 24 28 33 77 88 1848
2 3 22 24 28 33 84 88 1848
2 3 22 24 28 33 91 104 24024
2 3 22 24 28 33 105 120 9240
2 3 22 24 28 34 88 119 31416
2 3 22 24 28 35 40 44 9240
2 3 22 24 28 35 40 55 9240
2 3 22 24 28 35 40 66 9240
2 3 22 24 28 35 40 77 9240
2 3 22 24 28 35 40 88 9240
2 3 22 24 28 35 40 110 9240
2 3 22 24 28 35 44 120 9240
2 3 22 24 28 35 55 56 9240
2 3 22 24 28 35 55 88 9240
2 3 22 24 28 35 55 120 9240
2 3 22 24 28 35 56 110 9240
2 3 22 24 28 35 60 88 9240
2 3 22 24 28 35 66 120 9240
2 3 22 24 28 35 70 88 9240
2 3 22 24 28 35 77 120 9240
2 3 22 24 28 35 88 105 9240
2 3 22 24 28 35 88 110 9240
2 3 22 24 28 35 88 120 9240
2 3 22 24 28 35 110 120 9240
2 3 22 24 28 36 56 99 5544
2 3 22 24 28 36 63 88 5544
2 3 22 24 28 36 72 77 5544
2 3 22 24 28 36 88 126 5544
2 3 22 24 28 39 77 104 24024
2 3 22 24 28 39 88 91 24024
2 3 22 24 28 40 42 55 9240
2 3 22 24 28 40 42 110 9240
2 3 22 24 28 40 44 70 9240
2 3 22 24 28 40 44 105 9240
2 3 22 24 28 40 55 56 9240
2 3 22 24 28 40 55 70 9240
2 3 22 24 28 40 55 77 9240
2 3 22 24 28 40 55 84 9240
2 3 22 24 28 40 55 105 9240
2 3 22 24 28 40 56 110 9240
2 3 22 24 28 40 60 77 9240
2 3 22 24 28 40 66 70 9240
2 3 22 24 28 40 66 105 9240
2 3 22 24 28 40 70 77 9240
2 3 22 24 28 40 70 88 9240
2 3 22 24 28 40 70 110 9240
2 3 22 24 28 40 77 105 9240
2 3 22 24 28 40 77 110 9240
2 3 22 24 28 40 77 120 9240
2 3 22 24 28 40 84 110 9240
2 3 22 24 28 40 88 105 9240
2 3 22 24 28 42 44 56 1848
2 3 22 24 28 42 44 88 1848
2 3 22 24 28 42 55 120 9240
2 3 22 24 28 42 56 66 1848
2 3 22 24 28 42 56 77 1848
2 3 22 24 28 42 56 88 1848
2 3 22 24 28 42 66 88 1848
2 3 22 24 28 42 72 99 5544
2 3 22 24 28 42 77 88 1848
2 3 22 24 28 42 84 88 1848
2 3 22 24 28 44 48 112 3696
2 3 22 24 28 44 56 66 1848
2 3 22 24 28 44 56 77 1848
2 3 22 24 28 44 56 84 1848
2 3 22 24 28 44 56 88 1848
2 3 22 24 28 44 63 72 5544
2 3 22 24 28 44 70 120 9240
2 3 22 24 28 44 72 126 5544
2 3 22 24 28 44 77 88 1848
2 3 22 24 28 44 84 88 1848
2 3 22 24 28 48 66 112 3696
2 3 22 24 28 55 56 60 9240
2 3 22 24 28 55 56 70 9240
2 3 22 24 28 55 56 105 9240
2 3 22 24 28 55 56 110 9240
2 3 22 24 28 55 56 120 9240
2 3 22 24 28 56 66 77 1848
2 3 22 24 28 56 66 84 1848
2 3 22 24 28 56 66 88 1848
2 3 22 24 28 63 66 72 5544
2 3 22 24 29 33 58 88 7656
2 3 22 24 29 33 87 88 7656
2 3 22 24 29 33 88 116 7656
2 3 22 24 29 40 55 58 38280
2 3 22 24 29 40 55 87 38280
2 3 22 24 29 40 55 116 38280
2 3 22 24 29 40 58 110 38280
2 3 22 24 29 40 87 110 38280
2 3 22 24 29 44 58 88 7656
2 3 22 24 29 44 87 88 7656
2 3 22 24 29 56 58 77 53592
2 3 22 24 30 32 55 96 5280
2 3 22 24 30 32 96 110 5280
2 3 22 24 30 33 35 56 9240
2 3 22 24 30 33 40 44 1320
2 3 22 24 30 33 40 55 1320
2 3 22 24 30 33 40 60 1320
2 3 22 24 30 33 40 66 1320
2 3 22 24 30 33 40 88 1320
2 3 22 24 30 33 40 110 1320
2 3 22 24 30 33 40 120 1320
2 3 22 24 30 33 44 120 1320
2 3 22 24 30 33 45 72 3960
2 3 22 24 30 33 48 80 2640
2 3 22 24 30 33 55 88 1320
2 3 22 24 30 33 55 120 1320
2 3 22 24 30 33 56 70 9240
2 3 22 24 30 33 56 105 9240
2 3 22 24 30 33 60 88 1320
2 3 22 24 30 33 60 120 1320
2 3 22 24 30 33 65 104 17160
2 3 22 24 30 33 66 120 1320
2 3 22 24 30 33 72 90 3960
2 3 22 24 30 33 88 110 1320
2 3 22 24 30 33 88 120 1320
2 3 22 24 30 33 110 120 1320
2 3 22 24 30 34 85 88 22440
2 3 22 24 30 35 40 77 9240
2 3 22 24 30 35 42 88 9240
2 3 22 24 30 35 44 56 9240
2 3 22 24 30 35 55 56 9240
2 3 22 24 30 35 56 66 9240
2 3 22 24 30 35 56 77 9240
2 3 22 24 30 35 56 88 9240
2 3 22 24 30 35 56 110 9240
2 3 22 24 30 35 70 88 9240
2 3 22 24 30 35 77 88 9240
2 3 22 24 30 35 77 120 9240
2 3 22 24 30 35 84 88 9240
2 3 22 24 30 35 88 105 9240
2 3 22 24 30 36 40 99 3960
2 3 22 24 30 36 45 88 3960
2 3 22 24 30 36 55 72 3960
2 3 22 24 30 36 72 110 3960
2 3 22 24 30 36 88 90 3960
2 3 22 24 30 38 88 95 25080
2 3 22 24 30 39 55 104 17160
2 3 22 24 30 39 65 88 17160
2 3 22 24 30 40 42 77 9240
2 3 22 24 30 40 44 55 1320
2 3 22 24 30 40 44 60 1320
2 3 22 24 30 40 44 66 1320
2 3 22 24 30 40 44 88 1320
2 3 22 24 30 40 44 110 1320
2 3 22 24 30 40 44 120 1320
2 3 22 24 30 40 45 99 3960
2 3 22 24 30 40 55 60 1320
2 3 22 24 30 40 55 66 1320
2 3 22 24 30 40 55 88 1320
2 3 22 24 30 40 55 110 1320
2 3 22 24 30 40 55 120 1320
2 3 22 24 30 40 56 77 9240
2 3 22 24 30 40 60 66 1320
2 3 22 24 30 40 60 88 1320
2 3 22 24 30 40 60 110 1320
2 3 22 24 30 40 66 88 1320
2 3 22 24 30 40 66 110 1320
2 3 22 24 30 40 66 120 1320
2 3 22 24 30 40 70 77 9240
2 3 22 24 30 40 72 99 3960
2 3 22 24 30 40 77 84 9240
2 3 22 24 30 40 77 105 9240
2 3 22 24 30 42 55 56 9240
2 3 22 24 30 42 56 110 9240
2 3 22 24 30 42 70 88 9240
2 3 22 24 30 44 45 72 3960
2 3 22 24 30 44 48 80 2640
2 3 22 24 30 44 55 88 1320
2 3 22 24 30 44 55 120 1320
2 3 22 24 30 44 56 70 9240
2 3 22 24 30 44 56 105 9240
2 3 22 24 30 44 60 88 1320
2 3 22 24 30 44 60 120 1320
2 3 22 24 30 44 65 104 17160
2 3 22 24 30 44 72 90 3960
2 3 22 24 30 45 55 72 3960
2 3 22 24 30 45 66 72 3960
2 3 22 24 30 45 72 88 3960
2 3 22 24 30 48 55 80 2640
2 3 22 24 30 48 66 80 2640
2 3 22 24 30 52 55 104 17160
2 3 22 24 30 55 56 70 9240
2 3 22 24 30 55 56 77 9240
2 3 22 24 30 55 56 84 9240
2 3 22 24 30 56 60 77 9240
2 3 22 24 30 56 66 70 9240
2 3 22 24 31 33 62 88 8184
2 3 22 24 31 33 88 93 8184
2 3 22 24 31 33 88 124 8184
2 3 22 24 31 40 55 62 40920
2 3 22 24 31 40 55 93 40920
2 3 22 24 31 40 55 124 40920
2 3 22 24 31 40 62 110 40920
2 3 22 24 31 44 62 88 8184
2 3 22 24 32 33 44 96 1056
2 3 22 24 32 33 48 96 1056
2 3 22 24 32 33 66 96 1056
2 3 22 24 32 33 88 96 1056
2 3 22 24 32 40 55 96 5280
2 3 22 24 32 44 48 96 1056
2 3 22 24 33 34 40 85 22440
2 3 22 24 33 34 51 88 4488
2 3 22 24 33 34 56 119 31416
2 3 22 24 33 34 68 88 4488
2 3 22 24 33 34 85 120 22440
2 3 22 24 33 34 88 102 4488
2 3 22 24 33 35 40 42 9240
2 3 22 24 33 35 40 56 9240
2 3 22 24 33 35 40 70 9240
2 3 22 24 33 35 40 77 9240
2 3 22 24 33 35 40 84 9240
2 3 22 24 33 35 40 105 9240
2 3 22 24 33 35 42 120 9240
2 3 22 24 33 35 55 56 9240
2 3 22 24 33 35 56 60 9240
2 3 22 24 33 35 56 70 9240
2 3 22 24 33 35 56 105 9240
2 3 22 24 33 35 56 110 9240
2 3 22 24 33 35 56 120 9240
2 3 22 24 33 35 70 88 9240
2 3 22 24 33 35 70 120 9240
2 3 22 24 33 35 77 120 9240
2 3 22 24 33 35 80 112 18480
2 3 22 24 33 35 88 105 9240
2 3 22 24 33 36 40 45 3960
2 3 22 24 33 36 40 90 3960
2 3 22 24 33 36 44 72 792
2 3 22 24 33 36 45 120 3960
2 3 22 24 33 36 56 63 5544
2 3 22 24 33 36 56 126 5544
2 3 22 24 33 36 66 72 792
2 3 22 24 33 36 72 88 792
2 3 22 24 33 36 72 99 792
2 3 22 24 33 37 74 88 9768
2 3 22 24 33 38 40 95 25080
2 3 22 24 33 38 57 88 5016
2 3 22 24 33 38 76 88 5016
2 3 22 24 33 39 40 65 17160
2 3 22 24 33 39 44 104 3432
2 3 22 24 33 39 52 88 3432
2 3 22 24 33 39 52 104 3432
2 3 22 24 33 39 56 91 24024
2 3 22 24 33 39 65 120 17160
2 3 22 24 33 39 66 104 3432
2 3 22 24 33 39 78 88 3432
2 3 22 24 33 40 42 70 9240
2 3 22 24 33 40 42 105 9240
2 3 22 24 33 40 44 55 1320
2 3 22 24 33 40 44 60 1320
2 3 22 24 33 40 44 110 1320
2 3 22 24 33 40 44 120 1320
2 3 22 24 33 40 45 72 3960
2 3 22 24 33 40 45 90 3960
2 3 22 24 33 40 45 99 3960
2 3 22 24 33 40 46 115 30360
2 3 22 24 33 40 48 80 2640
2 3 22 24 33 40 50 75 6600
2 3 22 24 33 40 50 100 6600
2 3 22 24 33 40 51 85 22440
2 3 22 24 33 40 52 65 17160
2 3 22 24 33 40 55 60 1320
2 3 22 24 33 40 55 66 1320
2 3 22 24 33 40 55 88 1320
2 3 22 24 33 40 55 110 1320
2 3 22 24 33 40 55 120 1320
2 3 22 24 33 40 56 70 9240
2 3 22 24 33 40 56 105 9240
2 3 22 24 33 40 57 95 25080
2 3 22 24 33 40 60 66 1320
2 3 22 24 33 40 60 88 1320
2 3 22 24 33 40 60 110 1320
2 3 22 24 33 40 60 120 1320
2 3 22 24 33 40 65 78 17160
2 3 22 24 33 40 65 104 17160
2 3 22 24 33 40 68 85 22440
2 3 22 24 33 40 70 77 9240
2 3 22 24 33 40 70 84 9240
2 3 22 24 33 40 72 90 3960
2 3 22 24 33 42 44 56 1848
2 3 22 24 33 42 48 112 3696
2 3 22 24 33 42 56 66 1848
2 3 22 24 33 42 56 77 1848
2 3 22 24 33 42 56 84 1848
2 3 22 24 33 42 56 88 1848
2 3 22 24 33 42 63 72 5544
2 3 22 24 33 44 52 104 3432
2 3 22 24 33 44 56 77 1848
2 3 22 24 33 44 56 84 1848
2 3 22 24 33 45 55 72 3960
2 3 22 24 33 45 60 72 3960
2 3 22 24 33 48 55 80 2640
2 3 22 24 33 48 60 80 2640
2 3 22 24 33 55 56 70 9240
2 3 22 24 34 40 44 85 22440
2 3 22 24 34 40 51 55 22440
2 3 22 24 34 40 51 110 22440
2 3 22 24 34 40 55 68 22440
2 3 22 24 34 40 55 85 22440
2 3 22 24 34 40 55 102 22440
2 3 22 24 34 40 66 85 22440
2 3 22 24 34 44 51 88 4488
2 3 22 24 34 51 56 77 31416
2 3 22 24 35 40 42 44 9240
2 3 22 24 35 40 42 55 9240
2 3 22 24 35 40 42 66 9240
2 3 22 24 35 40 42 77 9240
2 3 22 24 35 40 42 88 9240
2 3 22 24 35 40 42 110 9240
2 3 22 24 35 40 44 56 9240
2 3 22 24 35 40 44 70 9240
2 3 22 24 35 40 44 77 9240
2 3 22 24 35 40 44 84 9240
2 3 22 24 35 40 44 105 9240
2 3 22 24 35 40 55 56 9240
2 3 22 24 35 40 55 70 9240
2 3 22 24 35 40 55 77 9240
2 3 22 24 35 40 55 84 9240
2 3 22 24 35 40 55 105 9240
2 3 22 24 35 40 56 66 9240
2 3 22 24 35 40 56 77 9240
2 3 22 24 35 40 56 88 9240
2 3 22 24 35 40 56 110 9240
2 3 22 24 35 40 60 77 9240
2 3 22 24 35 40 66 70 9240
2 3 22 24 35 40 66 77 9240
2 3 22 24 35 40 66 84 9240
2 3 22 24 35 40 70 77 9240
2 3 22 24 35 42 44 120 9240
2 3 22 24 35 42 55 56 9240
2 3 22 24 35 42 55 88 9240
2 3 22 24 35 42 60 88 9240
2 3 22 24 35 44 55 56 9240
2 3 22 24 35 44 56 60 9240
2 3 22 24 35 44 56 70 9240
2 3 22 24 35 55 56 60 9240
2 3 22 24 35 55 56 66 9240
2 3 22 24 36 40 44 45 3960
2 3 22 24 36 40 44 90 3960
2 3 22 24 36 40 45 55 3960
2 3 22 24 36 40 45 66 3960
2 3 22 24 36 40 45 88 3960
2 3 22 24 36 40 45 99 3960
2 3 22 24 36 40 45 110 3960
2 3 22 24 36 40 55 72 3960
2 3 22 24 36 40 55 90 3960
2 3 22 24 36 40 55 99 3960
2 3 22 24 36 44 45 120 3960
2 3 22 24 36 44 56 63 5544
2 3 22 24 36 45 55 72 3960
2 3 22 24 37 40 55 74 48840
2 3 22 24 38 40 44 95 25080
2 3 22 24 38 40 55 57 25080
2 3 22 24 38 40 55 76 25080
2 3 22 24 38 40 55 95 25080
2 3 22 24 39 40 44 65 17160
2 3 22 24 39 40 52 55 17160
2 3 22 24 39 40 55 65 17160
2 3 22 24 39 40 55 78 17160
2 3 22 24 39 40 65 66 17160
2 3 22 24 40 41 55 82 54120
2 3 22 24 40 42 44 70 9240
2 3 22 24 40 42 44 105 9240
2 3 22 24 40 42 55 56 9240
2 3 22 24 40 42 55 70 9240
2 3 22 24 40 42 55 77 9240
2 3 22 24 40 44 45 72 3960
2 3 22 24 40 44 45 90 3960
2 3 22 24 40 44 45 99 3960
2 3 22 24 40 44 48 80 2640
2 3 22 24 40 44 50 75 6600
2 3 22 24 40 44 52 65 17160
2 3 22 24 40 44 55 60 1320
2 3 22 24 40 44 55 66 1320
2 3 22 24 40 44 56 70 9240
2 3 22 25 26 33 39 50 21450
2 3 22 25 26 33 39 75 21450
2 3 22 25 26 33 50 65 21450
2 3 22 25 26 33 50 78 21450
2 3 22 25 26 33 52 100 42900
2 3 22 25 26 33 65 75 21450
2 3 22 25 26 33 75 78 21450
2 3 22 25 26 39 44 100 42900
2 3 22 25 26 39 50 55 21450
2 3 22 25 26 39 50 66 21450
2 3 22 25 26 39 50 110 21450
2 3 22 25 26 39 55 75 21450
2 3 22 25 26 39 66 75 21450
2 3 22 25 26 39 75 110 21450
2 3 22 25 26 44 52 75 42900
2 3 22 25 26 44 78 100 42900
2 3 22 25 26 50 55 78 21450
2 3 22 25 26 50 65 66 21450
2 3 22 25 26 50 66 78 21450
2 3 22 25 26 52 66 100 42900
2 3 22 25 26 55 65 75 21450
2 3 22 25 26 55 75 78 21450
2 3 22 25 26 65 66 75 21450
2 3 22 25 27 33 50 54 14850
2 3 22 25 27 33 54 75 14850
2 3 22 25 27 33 100 108 29700
2 3 22 25 27 44 50 108 29700
2 3 22 25 27 44 54 100 29700
2 3 22 25 27 44 75 108 29700
2 3 22 25 27 50 54 55 14850
2 3 22 25 27 50 54 66 14850
2 3 22 25 27 50 54 99 14850
2 3 22 25 27 50 54 110 14850
2 3 22 25 27 54 55 75 14850
2 3 22 25 27 54 66 75 14850
2 3 22 25 28 30 77 100 23100
2 3 22 25 28 33 35 100 23100
2 3 22 25 28 33 42 100 23100
2 3 22 25 28 33 50 84 23100
2 3 22 25 28 33 70 100 23100
2 3 22 25 28 33 75 84 23100
2 3 22 25 28 33 77 100 23100
2 3 22 25 28 33 84 100 23100
2 3 22 25 28 33 100 105 23100
2 3 22 25 28 35 44 75 23100
2 3 22 25 28 35 66 100 23100
2 3 22 25 28 42 44 50 23100
2 3 22 25 28 42 44 75 23100
2 3 22 25 28 42 44 100 23100
2 3 22 25 28 42 55 100 23100
2 3 22 25 28 42 66 100 23100
2 3 22 25 28 42 77 100 23100
2 3 22 25 28 44 50 84 23100
2 3 22 25 28 44 50 105 23100
2 3 22 25 28 44 70 75 23100
2 3 22 25 28 44 75 77 23100
2 3 22 25 28 44 75 84 23100
2 3 22 25 28 44 75 105 23100
2 3 22 25 28 50 55 84 23100
2 3 22 25 28 50 60 77 23100
2 3 22 25 28 50 66 84 23100
2 3 22 25 29 33 50 58 47850
2 3 22 25 29 33 50 87 47850
2 3 22 25 29 33 58 75 47850
2 3 22 25 29 33 75 87 47850
2 3 22 25 29 33 100 116 95700
2 3 22 25 29 50 55 87 47850
2 3 22 25 29 50 58 66 47850
2 3 22 25 29 55 58 75 47850
2 3 22 25 30 33 44 100 3300
2 3 22 25 30 33 50 55 1650
2 3 22 25 30 33 50 66 1650
2 3 22 25 30 33 50 75 1650
2 3 22 25 30 33 50 110 1650
2 3 22 25 30 33 55 75 1650
2 3 22 25 30 33 60 100 3300
2 3 22 25 30 33 66 75 1650
2 3 22 25 30 33 75 110 1650
2 3 22 25 30 35 50 77 11550
2 3 22 25 30 35 75 77 11550
2 3 22 25 30 40 50 88 6600
2 3 22 25 30 40 75 88 6600
2 3 22 25 30 42 50 77 11550
2 3 22 25 30 42 75 77 11550
2 3 22 25 30 44 50 60 3300
2 3 22 25 30 44 50 100 3300
2 3 22 25 30 44 55 100 3300
2 3 22 25 30 44 60 75 3300
2 3 22 25 30 44 60 100 3300
2 3 22 25 30 45 50 99 4950
2 3 22 25 30 50 55 66 1650
2 3 22 25 30 50 55 75 1650
2 3 22 25 30 50 66 75 1650
2 3 22 25 31 33 50 62 51150
2 3 22 25 31 33 50 93 51150
2 3 22 25 31 33 62 75 51150
2 3 22 25 31 33 75 93 51150
2 3 22 25 31 50 62 66 51150
2 3 22 25 32 33 50 96 26400
2 3 22 25 32 33 75 96 26400
2 3 22 25 32 33 96 100 26400
2 3 22 25 32 44 50 96 26400
2 3 22 25 33 34 50 51 28050
2 3 22 25 33 34 50 85 28050
2 3 22 25 33 34 50 102 28050
2 3 22 25 33 34 51 75 28050
2 3 22 25 33 34 68 100 56100
2 3 22 25 33 34 75 85 28050
2 3 22 25 33 34 75 102 28050
2 3 22 25 33 35 42 50 11550
2 3 22 25 33 35 42 75 11550
2 3 22 25 33 35 50 70 11550
2 3 22 25 33 35 50 77 11550
2 3 22 25 33 35 50 105 11550
2 3 22 25 33 35 70 75 11550
2 3 22 25 33 35 75 77 11550
2 3 22 25 33 35 75 105 11550
2 3 22 25 33 36 45 100 9900
2 3 22 25 33 37 50 74 61050
2 3 22 25 33 37 50 111 61050
2 3 22 25 33 37 74 75 61050
2 3 22 25 33 38 50 57 31350
2 3 22 25 33 38 50 95 31350
2 3 22 25 33 38 50 114 31350
2 3 22 25 33 38 57 75 31350
2 3 22 25 33 39 50 65 21450
2 3 22 25 33 39 50 78 21450
2 3 22 25 33 39 52 100 42900
2 3 22 25 33 39 65 75 21450
2 3 22 25 33 39 75 78 21450
2 3 22 25 33 40 50 88 6600
2 3 22 25 33 40 50 120 6600
2 3 22 25 33 41 50 82 67650
2 3 22 25 33 41 50 123 67650
2 3 22 25 33 42 50 70 11550
2 3 22 25 33 42 50 77 11550
2 3 22 25 33 42 50 105 11550
2 3 22 25 33 42 70 75 11550
2 3 22 25 33 43 50 86 70950
2 3 22 25 33 44 50 60 3300
2 3 22 25 33 44 50 100 3300
2 3 22 25 33 44 60 75 3300
2 3 22 25 33 45 50 90 4950
2 3 22 25 33 45 50 99 4950
2 3 22 25 33 46 50 69 37950
2 3 22 25 33 47 50 94 77550
2 3 22 25 33 48 50 80 13200
2 3 22 25 33 50 51 85 28050
2 3 22 25 33 50 55 66 1650
2 3 22 25 33 50 55 75 1650
2 3 22 25 34 44 51 100 56100
2 3 22 25 34 50 51 55 28050
2 3 22 25 34 50 51 66 28050
2 3 22 25 35 42 44 100 23100
2 3 22 25 35 42 50 55 11550
2 3 22 25 35 42 50 66 11550
2 3 22 25 35 42 50 77 11550
2 3 22 25 35 42 50 110 11550
2 3 22 25 35 42 55 75 11550
2 3 22 25 35 44 50 84 23100
2 3 22 25 36 44 45 50 9900
2 3 22 25 36 44 45 75 9900
2 3 22 25 36 44 45 100 9900
2 3 22 25 36 44 50 90 9900
2 3 22 25 38 50 55 57 31350
2 3 22 25 39 44 50 52 42900
2 3 22 26 27 33 39 54 7722
2 3 22 26 27 33 52 108 15444
2 3 22 26 27 33 54 78 7722
2 3 22 26 27 33 54 117 7722
2 3 22 26 27 39 44 108 15444
2 3 22 26 27 39 54 66 7722
2 3 22 26 27 39 54 99 7722
2 3 22 26 27 44 52 54 15444
2 3 22 26 27 44 52 108 15444
2 3 22 26 27 54 55 65 38610
2 3 22 26 27 54 66 78 7722
2 3 22 26 28 33 39 84 12012
2 3 22 26 28 33 42 52 12012
2 3 22 26 28 33 44 91 12012
2 3 22 26 28 33 52 77 12012
2 3 22 26 28 33 52 84 12012
2 3 22 26 28 33 52 91 12012
2 3 22 26 28 33 56 104 24024
2 3 22 26 28 33 78 84 12012
2 3 22 26 28 33 84 91 12012
2 3 22 26 28 36 77 117 36036
2 3 22 26 28 36 91 99 36036
2 3 22 26 28 39 42 44 12012
2 3 22 26 28 39 44 77 12012
2 3 22 26 28 39 44 84 12012
2 3 22 26 28 39 44 91 12012
2 3 22 26 28 39 52 77 12012
2 3 22 26 28 39 56 88 24024
2 3 22 26 28 39 66 84 12012
2 3 22 26 28 39 77 84 12012
2 3 22 26 28 42 44 52 12012
2 3 22 26 28 42 44 78 12012
2 3 22 26 28 42 44 91 12012
2 3 22 26 28 42 52 66 12012
2 3 22 26 28 42 52 77 12012
2 3 22 26 28 44 52 84 12012
2 3 22 26 28 44 63 117 36036
2 3 22 26 28 44 65 105 60060
2 3 22 26 28 44 66 91 12012
2 3 22 26 28 44 77 78 12012
2 3 22 26 28 44 78 84 12012
2 3 22 26 28 52 66 77 12012
2 3 22 26 29 33 39 58 24882
2 3 22 26 29 33 39 87 24882
2 3 22 26 29 33 52 116 49764
2 3 22 26 29 33 58 78 24882
2 3 22 26 29 33 78 87 24882
2 3 22 26 29 39 44 116 49764
2 3 22 26 29 39 58 66 24882
2 3 22 26 29 39 66 87 24882
2 3 22 26 29 44 52 87 49764
2 3 22 26 30 33 35 91 30030
2 3 22 26 30 33 39 55 4290
2 3 22 26 30 33 39 65 4290
2 3 22 26 30 33 39 110 4290
2 3 22 26 30 33 40 104 17160
2 3 22 26 30 33 45 117 12870
2 3 22 26 30 33 52 60 8580
2 3 22 26 30 33 55 65 4290
2 3 22 26 30 33 55 78 4290
2 3 22 26 30 33 65 66 4290
2 3 22 26 30 33 65 78 4290
2 3 22 26 30 33 65 110 4290
2 3 22 26 30 33 70 91 30030
2 3 22 26 30 33 78 110 4290
2 3 22 26 30 33 90 117 12870
2 3 22 26 30 33 91 105 30030
2 3 22 26 30 35 39 77 30030
2 3 22 26 30 35 55 91 30030
2 3 22 26 30 35 65 77 30030
2 3 22 26 30 35 66 91 30030
2 3 22 26 30 35 77 78 30030
2 3 22 26 30 35 77 91 30030
2 3 22 26 30 39 40 88 17160
2 3 22 26 30 39 44 60 8580
2 3 22 26 30 39 45 99 12870
2 3 22 26 30 39 55 65 4290
2 3 22 26 30 39 55 66 4290
2 3 22 26 30 39 55 78 4290
2 3 22 26 30 39 55 110 4290
2 3 22 26 30 39 65 66 4290
2 3 22 26 30 39 65 110 4290
2 3 22 26 30 39 66 110 4290
2 3 22 26 30 39 70 77 30030
2 3 22 26 30 40 44 104 17160
2 3 22 26 30 40 52 88 17160
2 3 22 26 30 40 55 104 17160
2 3 22 26 30 40 65 88 17160
2 3 22 26 30 40 66 104 17160
2 3 22 26 30 42 55 91 30030
2 3 22 26 30 42 65 77 30030
2 3 22 26 30 44 52 55 8580
2 3 22 26 30 44 52 60 8580
2 3 22 26 30 44 52 65 8580
2 3 22 26 30 44 52 110 8580
2 3 22 26 30 44 60 65 8580
2 3 22 26 30 44 60 78 8580
2 3 22 26 30 52 55 60 8580
2 3 22 26 30 52 60 66 8580
2 3 22 26 31 33 39 62 26598
2 3 22 26 31 33 39 93 26598
2 3 22 26 31 33 52 124 53196
2 3 22 26 31 33 62 78 26598
2 3 22 26 31 33 78 93 26598
2 3 22 26 31 39 44 124 53196
2 3 22 26 31 39 62 66 26598
2 3 22 26 31 39 66 93 26598
2 3 22 26 31 44 52 93 53196
2 3 22 26 32 33 39 96 13728
2 3 22 26 32 33 52 96 13728
2 3 22 26 32 33 78 96 13728
2 3 22 26 32 39 44 96 13728
2 3 22 26 32 44 52 96 13728
2 3 22 26 33 34 39 51 14586
2 3 22 26 33 34 39 102 14586
2 3 22 26 33 34 51 78 14586
2 3 22 26 33 34 52 68 29172
2 3 22 26 33 34 65 85 72930
2 3 22 26 33 35 39 70 30030
2 3 22 26 33 35 39 105 30030
2 3 22 26 33 35 42 65 30030
2 3 22 26 33 35 55 91 30030
2 3 22 26 33 35 65 70 30030
2 3 22 26 33 35 65 77 30030
2 3 22 26 33 35 65 91 30030
2 3 22 26 33 35 65 105 30030
2 3 22 26 33 35 70 78 30030
2 3 22 26 33 35 70 91 30030
2 3 22 26 33 36 44 117 5148
2 3 22 26 33 36 52 99 5148
2 3 22 26 33 36 52 117 5148
2 3 22 26 33 37 39 74 31746
2 3 22 26 33 37 39 111 31746
2 3 22 26 33 37 74 78 31746
2 3 22 26 33 38 39 57 16302
2 3 22 26 33 38 39 114 16302
2 3 22 26 33 38 52 76 32604
2 3 22 26 33 38 57 78 16302
2 3 22 26 33 39 40 120 17160
2 3 22 26 33 39 41 82 35178
2 3 22 26 33 39 41 123 35178
2 3 22 26 33 39 42 77 6006
2 3 22 26 33 39 42 91 6006
2 3 22 26 33 39 43 86 36894
2 3 22 26 33 39 44 52 1716
2 3 22 26 33 39 45 90 12870
2 3 22 26 33 39 46 69 19734
2 3 22 26 33 39 47 94 40326
2 3 22 26 33 39 49 98 42042
2 3 22 26 33 39 50 75 21450
2 3 22 26 33 39 51 102 14586
2 3 22 26 33 39 53 106 45474
2 3 22 26 33 39 55 65 4290
2 3 22 26 33 39 55 110 4290
2 3 22 26 33 39 58 87 24882
2 3 22 26 33 39 62 93 26598
2 3 22 26 33 39 66 78 858
2 3 22 26 33 40 52 120 17160
2 3 22 26 33 40 55 104 17160
2 3 22 26 33 42 52 84 12012
2 3 22 26 33 42 65 70 30030
2 3 22 26 33 44 52 66 1716
2 3 22 26 33 44 52 78 1716
2 3 22 26 33 44 60 65 8580
2 3 22 26 33 51 52 68 29172
2 3 22 26 33 52 55 60 8580
2 3 22 26 34 39 44 68 29172
2 3 22 26 34 39 51 66 14586
2 3 22 26 34 39 55 85 72930
2 3 22 26 34 44 51 52 29172
2 3 22 26 35 39 42 55 30030
2 3 22 26 35 39 42 110 30030
2 3 22 26 35 39 55 70 30030
2 3 22 26 35 39 55 77 30030
2 3 22 26 35 39 55 91 30030
2 3 22 26 35 39 66 70 30030
2 3 22 26 35 42 55 65 30030
2 3 22 26 35 42 55 78 30030
2 3 22 26 35 42 65 66 30030
2 3 22 26 36 39 44 99 5148
2 3 22 26 36 39 44 117 5148
2 3 22 26 36 44 45 65 25740
2 3 22 26 36 45 52 55 25740
2 3 22 26 38 39 44 76 32604
2 3 22 26 38 39 57 66 16302
2 3 22 26 38 44 52 57 32604
2 3 22 26 39 42 44 84 12012
2 3 22 26 39 44 55 60 8580
2 3 22 27 28 33 42 108 8316
2 3 22 27 28 33 54 84 8316
2 3 22 27 28 33 63 108 8316
2 3 22 27 28 33 77 108 8316
2 3 22 27 28 33 84 108 8316
2 3 22 27 28 35 55 108 41580
2 3 22 27 28 36 54 77 8316
2 3 22 27 28 36 77 108 8316
2 3 22 27 28 42 44 54 8316
2 3 22 27 28 42 44 108 8316
2 3 22 27 28 44 54 63 8316
2 3 22 27 28 44 54 77 8316
2 3 22 27 28 44 54 84 8316
2 3 22 27 28 44 54 126 8316
2 3 22 27 29 33 54 58 17226
2 3 22 27 29 33 54 87 17226
2 3 22 27 29 44 54 116 34452
2 3 22 27 29 54 58 66 17226
2 3 22 27 30 33 45 54 2970
2 3 22 27 30 33 54 55 2970
2 3 22 27 30 33 54 90 2970
2 3 22 27 30 33 54 110 2970
2 3 22 27 30 33 60 108 5940
2 3 22 27 30 35 54 77 20790
2 3 22 27 30 36 55 108 5940
2 3 22 27 30 40 54 88 11880
2 3 22 27 30 44 45 108 5940
2 3 22 27 30 44 54 60 5940
2 3 22 27 30 45 54 55 2970
2 3 22 27 30 45 54 66 2970
2 3 22 27 30 54 55 66 2970
2 3 22 27 31 33 54 62 18414
2 3 22 27 31 33 54 93 18414
2 3 22 27 32 33 54 96 9504
2 3 22 27 33 34 51 54 10098
2 3 22 27 33 34 54 102 10098
2 3 22 27 33 35 54 70 20790
2 3 22 27 33 35 54 105 20790
2 3 22 27 33 36 44 54 1188
2 3 22 27 33 36 44 108 1188
2 3 22 27 33 36 54 108 1188
2 3 22 27 33 37 54 74 21978
2 3 22 27 33 37 54 111 21978
2 3 22 27 33 38 54 57 11286
2 3 22 27 33 39 52 108 15444
2 3 22 27 33 39 54 78 7722
2 3 22 27 33 41 54 82 24354
2 3 22 27 33 42 54 63 4158
2 3 22 27 33 42 54 77 4158
2 3 22 27 33 45 54 55 2970
2 3 22 27 33 46 54 69 13662
2 3 22 27 34 44 54 68 20196
2 3 22 27 35 42 54 55 20790
2 3 22 27 39 44 52 54 15444
2 3 22 28 29 33 42 116 26796
2 3 22 28 29 33 58 84 26796
2 3 22 28 29 33 77 116 26796
2 3 22 28 29 33 84 87 26796
2 3 22 28 29 42 44 58 26796
2 3 22 28 29 42 44 87 26796
2 3 22 28 29 42 44 116 26796
2 3 22 28 29 44 58 84 26796
2 3 22 28 30 33 35 44 4620
2 3 22 28 30 33 35 60 4620
2 3 22 28 30 33 35 84 4620
2 3 22 28 30 33 40 56 9240
2 3 22 28 30 33 42 60 4620
2 3 22 28 30 33 44 70 4620
2 3 22 28 30 33 44 105 4620
2 3 22 28 30 33 55 84 4620
2 3 22 28 30 33 56 120 9240
2 3 22 28 30 33 60 70 4620
2 3 22 28 30 33 60 77 4620
2 3 22 28 30 33 60 84 4620
2 3 22 28 30 33 60 105 4620
2 3 22 28 30 33 70 84 4620
2 3 22 28 30 35 36 99 13860
2 3 22 28 30 35 40 88 9240
2 3 22 28 30 35 42 44 4620
2 3 22 28 30 35 44 55 4620
2 3 22 28 30 35 44 60 4620
2 3 22 28 30 35 44 66 4620
2 3 22 28 30 35 44 70 4620
2 3 22 28 30 35 44 77 4620
2 3 22 28 30 35 44 84 4620
2 3 22 28 30 35 44 105 4620
2 3 22 28 30 35 44 110 4620
2 3 22 28 30 35 55 60 4620
2 3 22 28 30 35 55 84 4620
2 3 22 28 30 35 56 88 9240
2 3 22 28 30 35 60 66 4620
2 3 22 28 30 35 60 77 4620
2 3 22 28 30 35 60 110 4620
2 3 22 28 30 35 66 84 4620
2 3 22 28 30 35 77 84 4620
2 3 22 28 30 36 45 77 13860
2 3 22 28 30 36 55 63 13860
2 3 22 28 30 36 55 126 13860
2 3 22 28 30 36 63 110 13860
2 3 22 28 30 40 42 88 9240
2 3 22 28 30 40 44 56 9240
2 3 22 28 30 40 55 56 9240
2 3 22 28 30 40 56 66 9240
2 3 22 28 30 40 56 77 9240
2 3 22 28 30 40 56 88 9240
2 3 22 28 30 42 44 55 4620
2 3 22 28 30 42 44 60 4620
2 3 22 28 30 42 44 70 4620
2 3 22 28 30 42 44 105 4620
2 3 22 28 30 42 44 110 4620
2 3 22 28 30 42 55 60 4620
2 3 22 28 30 42 55 84 4620
2 3 22 28 30 42 60 66 4620
2 3 22 28 30 42 60 77 4620
2 3 22 28 30 44 45 63 13860
2 3 22 28 30 44 45 126 13860
2 3 22 28 30 44 55 70 4620
2 3 22 28 30 44 55 77 4620
2 3 22 28 30 44 55 84 4620
2 3 22 28 30 44 60 70 4620
2 3 22 28 30 44 60 77 4620
2 3 22 28 31 33 42 124 28644
2 3 22 28 31 33 62 84 28644
2 3 22 28 31 42 44 62 28644
2 3 22 28 31 42 44 93 28644
2 3 22 28 31 42 44 124 28644
2 3 22 28 32 33 42 96 7392
2 3 22 28 32 33 56 96 7392
2 3 22 28 32 35 55 96 36960
2 3 22 28 32 42 44 96 7392
2 3 22 28 33 34 42 68 15708
2 3 22 28 33 34 44 119 15708
2 3 22 28 33 34 51 84 15708
2 3 22 28 33 34 68 77 15708
2 3 22 28 33 34 68 84 15708
2 3 22 28 33 35 36 45 13860
2 3 22 28 33 35 36 90 13860
2 3 22 28 33 35 40 56 9240
2 3 22 28 33 35 40 88 9240
2 3 22 28 33 35 40 120 9240
2 3 22 28 33 35 42 60 4620
2 3 22 28 33 35 44 55 4620
2 3 22 28 33 35 44 60 4620
2 3 22 28 33 35 44 70 4620
2 3 22 28 33 35 44 105 4620
2 3 22 28 33 35 44 110 4620
2 3 22 28 33 35 48 80 18480
2 3 22 28 33 35 50 100 23100
2 3 22 28 33 35 52 65 60060
2 3 22 28 33 35 55 60 4620
2 3 22 28 33 35 55 84 4620
2 3 22 28 33 35 60 66 4620
2 3 22 28 33 35 60 70 4620
2 3 22 28 33 35 60 77 4620
2 3 22 28 33 35 60 84 4620
2 3 22 28 33 36 42 63 2772
2 3 22 28 33 36 42 99 2772
2 3 22 28 33 36 42 126 2772
2 3 22 28 33 36 44 63 2772
2 3 22 28 33 36 44 126 2772
2 3 22 28 33 36 45 70 13860
2 3 22 28 33 36 45 105 13860
2 3 22 28 33 36 56 72 5544
2 3 22 28 33 36 63 66 2772
2 3 22 28 33 36 63 77 2772
2 3 22 28 33 36 63 84 2772
2 3 22 28 33 38 42 76 17556
2 3 22 28 33 38 57 84 17556
2 3 22 28 33 39 42 52 12012
2 3 22 28 33 39 44 91 12012
2 3 22 28 33 39 52 77 12012
2 3 22 28 33 39 52 84 12012
2 3 22 28 33 39 52 91 12012
2 3 22 28 33 40 42 120 9240
2 3 22 28 33 40 55 56 9240
2 3 22 28 33 40 56 60 9240
2 3 22 28 33 40 56 70 9240
2 3 22 28 33 42 44 66 924
2 3 22 28 33 42 44 77 924
2 3 22 28 33 42 44 84 924
2 3 22 28 33 42 46 92 21252
2 3 22 28 33 42 51 68 15708
2 3 22 28 33 42 52 78 12012
2 3 22 28 33 42 55 60 4620
2 3 22 28 34 42 44 51 15708
2 3 22 28 34 42 44 68 15708
2 3 22 28 34 42 44 102 15708
2 3 22 28 35 36 44 45 13860
2 3 22 28 35 36 44 90 13860
2 3 22 28 35 36 45 55 13860
2 3 22 28 35 36 45 66 13860
2 3 22 28 35 36 45 77 13860
2 3 22 28 35 36 45 99 13860
2 3 22 28 35 36 45 110 13860
2 3 22 28 35 36 55 63 13860
2 3 22 28 35 36 55 90 13860
2 3 22 28 35 39 44 65 60060
2 3 22 28 35 39 52 55 60060
2 3 22 28 35 40 42 88 9240
2 3 22 28 35 40 56 66 9240
2 3 22 28 35 42 44 55 4620
2 3 22 28 35 42 44 60 4620
2 3 22 28 35 42 44 70 4620
2 3 22 28 35 42 55 60 4620
2 3 22 28 35 44 45 63 13860
2 3 22 28 35 44 55 60 4620
2 3 22 28 36 42 44 63 2772
2 3 22 28 36 42 45 55 13860
2 3 22 28 36 44 45 70 13860
2 3 22 28 37 42 44 74 34188
2 3 22 28 38 42 44 57 17556
2 3 22 28 38 42 44 76 17556
2 3 22 28 39 42 44 52 12012
2 3 22 29 30 33 55 58 9570
2 3 22 29 30 33 55 87 9570
2 3 22 29 30 33 58 110 9570
2 3 22 29 30 33 60 116 19140
2 3 22 29 30 35 58 77 66990
2 3 22 29 30 40 58 88 38280
2 3 22 29 30 44 58 60 19140
2 3 22 29 31 33 58 62 59334
2 3 22 29 31 33 58 93 59334
2 3 22 29 31 33 62 87 59334
2 3 22 29 32 33 58 96 30624
2 3 22 29 33 34 51 58 32538
2 3 22 29 33 34 51 87 32538
2 3 22 29 33 34 58 102 32538
2 3 22 29 33 35 58 70 66990
2 3 22 29 33 37 58 74 70818
2 3 22 29 33 38 57 58 36366
2 3 22 29 35 42 55 58 66990
2 3 22 30 31 33 55 62 10230
2 3 22 30 31 33 55 93 10230
2 3 22 30 31 35 62 77 71610
2 3 22 30 32 33 40 96 5280
2 3 22 30 32 33 55 96 5280
2 3 22 30 32 33 60 96 5280
2 3 22 30 32 40 44 96 5280
2 3 22 30 33 34 35 119 39270
2 3 22 30 33 34 51 55 5610
2 3 22 30 33 34 51 85 5610
2 3 22 30 33 34 51 110 5610
2 3 22 30 33 34 55 85 5610
2 3 22 30 33 34 60 68 11220
2 3 22 30 33 35 39 91 30030
2 3 22 30 33 35 40 56 9240
2 3 22 30 33 35 42 55 2310
2 3 22 30 33 35 42 66 2310
2 3 22 30 33 35 42 70 2310
2 3 22 30 33 35 42 77 2310
2 3 22 30 33 35 42 105 2310
2 3 22 30 33 35 42 110 2310
2 3 22 30 33 35 44 84 4620
2 3 22 30 33 35 45 63 6930
2 3 22 30 33 35 45 126 6930
2 3 22 30 33 35 48 112 18480
2 3 22 30 33 35 49 98 16170
2 3 22 30 33 35 55 70 2310
2 3 22 30 33 35 55 77 2310
2 3 22 30 33 35 56 88 9240
2 3 22 30 33 35 66 70 2310
2 3 22 30 33 36 40 72 3960
2 3 22 30 33 36 44 45 1980
2 3 22 30 33 36 44 90 1980
2 3 22 30 33 36 45 60 1980
2 3 22 30 33 37 55 74 12210
2 3 22 30 33 38 55 57 6270
2 3 22 30 33 39 40 104 17160
2 3 22 30 33 39 52 60 8580
2 3 22 30 33 39 55 65 4290
2 3 22 30 33 40 42 56 9240
2 3 22 30 33 40 44 88 1320
2 3 22 30 33 40 45 72 3960
2 3 22 30 33 40 48 80 2640
2 3 22 30 33 42 45 63 6930
2 3 22 30 34 35 51 77 39270
2 3 22 30 34 44 51 60 11220
2 3 22 30 35 36 44 63 13860
2 3 22 30 35 40 42 88 9240
2 3 22 30 35 40 44 56 9240
2 3 22 30 35 40 55 56 9240
2 3 22 30 35 42 44 60 4620
2 3 22 30 36 40 44 72 3960
2 3 22 30 36 44 45 55 1980
2 3 22 30 36 44 45 60 1980
2 3 22 30 40 42 44 56 9240
2 3 22 31 33 34 51 62 34782
2 3 22 31 33 34 51 93 34782
2 3 22 31 33 35 62 70 71610
2 3 22 31 33 38 57 62 38874
2 3 22 33 34 35 42 85 39270
2 3 22 33 34 35 51 70 39270
2 3 22 33 34 38 51 57 21318
2 3 22 33 35 39 42 65 30030
2 3 22 33 35 40 42 56 9240
2 3 22 33 35 40 44 56 9240
2 3 22 33 35 42 44 60 4620
2 3 22 35 36 42 44 45 13860
