2 3 23 24 25 40 46 50 13800
2 3 23 24 25 40 46 75 13800
2 3 23 24 25 40 46 100 13800
2 3 23 24 25 40 50 69 13800
2 3 23 24 25 40 50 92 13800
2 3 23 24 25 40 50 115 13800
2 3 23 24 25 40 69 75 13800
2 3 23 24 25 40 69 100 13800
2 3 23 24 25 40 75 92 13800
2 3 23 24 25 40 75 115 13800
2 3 23 24 25 40 92 100 13800
2 3 23 24 25 40 100 115 13800
2 3 23 24 25 46 50 120 13800
2 3 23 24 25 46 75 120 13800
2 3 23 24 25 50 69 120 13800
2 3 23 24 26 30 104 115 35880
2 3 23 24 26 39 40 115 35880
2 3 23 24 26 39 46 104 7176
2 3 23 24 26 39 69 104 7176
2 3 23 24 26 39 92 104 7176
2 3 23 24 26 40 46 65 35880
2 3 23 24 26 40 52 115 35880
2 3 23 24 26 40 65 69 35880
2 3 23 24 26 40 65 92 35880
2 3 23 24 26 40 65 115 35880
2 3 23 24 26 40 78 115 35880
2 3 23 24 26 40 104 115 35880
2 3 23 24 26 46 52 104 7176
2 3 23 24 26 46 56 91 50232
2 3 23 24 26 46 65 120 35880
2 3 23 24 26 46 69 104 7176
2 3 23 24 26 46 72 117 21528
2 3 23 24 26 46 78 104 7176
2 3 23 24 26 52 69 104 7176
2 3 23 24 26 56 69 91 50232
2 3 23 24 27 40 54 115 24840
2 3 23 24 27 46 54 72 4968
2 3 23 24 27 46 72 108 4968
2 3 23 24 27 54 69 72 4968
2 3 23 24 28 30 56 115 19320
2 3 23 24 28 35 40 46 19320
2 3 23 24 28 35 40 69 19320
2 3 23 24 28 35 40 92 19320
2 3 23 24 28 35 40 115 19320
2 3 23 24 28 35 46 120 19320
2 3 23 24 28 35 56 115 19320
2 3 23 24 28 35 69 120 19320
2 3 23 24 28 35 92 120 19320
2 3 23 24 28 40 42 115 19320
2 3 23 24 28 40 46 70 19320
2 3 23 24 28 40 46 105 19320
2 3 23 24 28 40 56 115 19320
2 3 23 24 28 40 69 70 19320
2 3 23 24 28 40 69 105 19320
2 3 23 24 28 40 70 92 19320
2 3 23 24 28 40 70 115 19320
2 3 23 24 28 42 46 56 3864
2 3 23 24 28 42 56 69 3864
2 3 23 24 28 42 56 92 3864
2 3 23 24 28 46 48 112 7728
2 3 23 24 28 46 56 69 3864
2 3 23 24 28 46 56 84 3864
2 3 23 24 28 46 56 92 3864
2 3 23 24 28 46 63 72 11592
2 3 23 24 28 46 77 88 42504
2 3 23 24 29 40 58 115 80040
2 3 23 24 30 32 96 115 11040
2 3 23 24 30 33 88 115 30360
2 3 23 24 30 35 46 56 19320
2 3 23 24 30 35 56 69 19320
2 3 23 24 30 35 56 92 19320
2 3 23 24 30 35 56 115 19320
2 3 23 24 30 36 72 115 8280
2 3 23 24 30 40 46 60 2760
2 3 23 24 30 40 46 69 2760
2 3 23 24 30 40 46 92 2760
2 3 23 24 30 40 46 115 2760
2 3 23 24 30 40 46 120 2760
2 3 23 24 30 40 60 69 2760
2 3 23 24 30 40 60 92 2760
2 3 23 24 30 40 60 115 2760
2 3 23 24 30 40 69 92 2760
2 3 23 24 30 42 56 115 19320
2 3 23 24 30 45 46 72 8280
2 3 23 24 30 45 69 72 8280
2 3 23 24 30 46 48 80 5520
2 3 23 24 30 46 55 88 30360
2 3 23 24 30 46 56 70 19320
2 3 23 24 30 46 56 105 19320
2 3 23 24 31 40 62 115 85560
2 3 23 24 32 46 48 96 2208
2 3 23 24 33 40 44 115 30360
2 3 23 24 33 40 46 55 30360
2 3 23 24 33 40 46 110 30360
2 3 23 24 33 40 55 69 30360
2 3 23 24 33 40 55 92 30360
2 3 23 24 33 40 55 115 30360
2 3 23 24 33 44 46 88 6072
2 3 23 24 33 46 56 77 42504
2 3 23 24 34 40 46 85 46920
2 3 23 24 34 40 51 115 46920
2 3 23 24 35 40 42 46 19320
2 3 23 24 35 40 42 69 19320
2 3 23 24 35 40 42 92 19320
2 3 23 24 35 40 42 115 19320
2 3 23 24 35 40 46 56 19320
2 3 23 24 35 40 46 70 19320
2 3 23 24 35 40 46 84 19320
2 3 23 24 35 40 46 105 19320
2 3 23 24 35 40 56 69 19320
2 3 23 24 35 40 56 92 19320
2 3 23 24 35 40 69 70 19320
2 3 23 24 35 42 46 120 19320
2 3 23 24 35 46 56 60 19320
2 3 23 24 35 46 56 70 19320
2 3 23 24 36 40 45 46 8280
2 3 23 24 36 40 45 69 8280
2 3 23 24 36 40 45 92 8280
2 3 23 24 36 40 45 115 8280
2 3 23 24 36 40 46 90 8280
2 3 23 24 36 46 56 63 11592
2 3 23 24 38 40 46 95 52440
2 3 23 24 39 40 46 65 35880
2 3 23 24 40 42 46 70 19320
2 3 23 24 40 44 46 55 30360
2 3 23 24 40 45 46 72 8280
2 3 23 25 26 39 46 50 44850
2 3 23 25 26 39 46 75 44850
2 3 23 25 26 39 50 69 44850
2 3 23 25 26 39 50 115 44850
2 3 23 25 26 39 69 75 44850
2 3 23 25 26 39 75 115 44850
2 3 23 25 26 39 92 100 89700
2 3 23 25 26 46 50 78 44850
2 3 23 25 26 46 65 75 44850
2 3 23 25 26 46 75 78 44850
2 3 23 25 26 50 65 69 44850
2 3 23 25 26 50 69 78 44850
2 3 23 25 27 46 50 54 31050
2 3 23 25 27 46 54 75 31050
2 3 23 25 27 50 54 69 31050
2 3 23 25 27 50 54 115 31050
2 3 23 25 27 54 69 75 31050
2 3 23 25 28 35 69 100 48300
2 3 23 25 28 35 75 92 48300
2 3 23 25 28 42 46 100 48300
2 3 23 25 28 42 50 92 48300
2 3 23 25 28 42 69 100 48300
2 3 23 25 28 42 75 92 48300
2 3 23 25 28 46 50 84 48300
2 3 23 25 29 46 50 87 100050
2 3 23 25 29 46 58 75 100050
2 3 23 25 29 50 58 69 100050
2 3 23 25 30 46 50 69 3450
2 3 23 25 30 46 50 75 3450
2 3 23 25 30 46 50 115 3450
2 3 23 25 31 46 50 93 106950
2 3 23 25 31 46 62 75 106950
2 3 23 25 32 46 50 96 55200
2 3 23 25 33 44 46 100 75900
2 3 23 25 33 44 50 92 75900
2 3 23 25 33 46 50 55 37950
2 3 23 25 33 46 50 66 37950
2 3 23 25 33 46 55 75 37950
2 3 23 25 34 46 50 51 58650
2 3 23 25 34 46 51 75 58650
2 3 23 25 34 50 51 69 58650
2 3 23 25 35 42 46 50 24150
2 3 23 25 35 42 46 75 24150
2 3 23 25 35 42 50 69 24150
2 3 23 25 38 46 50 57 65550
2 3 23 26 27 39 46 54 16146
2 3 23 26 27 39 54 69 16146
2 3 23 26 27 46 52 108 32292
2 3 23 26 27 46 54 78 16146
2 3 23 26 27 46 54 117 16146
2 3 23 26 27 52 54 92 32292
2 3 23 26 28 39 42 92 25116
2 3 23 26 28 39 46 84 25116
2 3 23 26 28 39 69 84 25116
2 3 23 26 28 42 46 52 25116
2 3 23 26 28 42 52 69 25116
2 3 23 26 28 42 52 92 25116
2 3 23 26 28 46 52 84 25116
2 3 23 26 29 39 46 58 52026
2 3 23 26 29 39 46 87 52026
2 3 23 26 29 39 58 69 52026
2 3 23 26 29 39 69 87 52026
2 3 23 26 29 46 58 78 52026
2 3 23 26 30 35 46 91 62790
2 3 23 26 30 35 69 91 62790
2 3 23 26 30 39 46 65 8970
2 3 23 26 30 39 46 115 8970
2 3 23 26 30 39 60 92 17940
2 3 23 26 30 39 65 69 8970
2 3 23 26 30 40 46 104 35880
2 3 23 26 30 45 46 117 26910
2 3 23 26 30 46 52 60 17940
2 3 23 26 30 46 65 69 8970
2 3 23 26 31 39 46 62 55614
2 3 23 26 31 39 46 93 55614
2 3 23 26 31 39 62 69 55614
2 3 23 26 32 39 46 96 28704
2 3 23 26 33 39 44 92 39468
2 3 23 26 33 39 46 66 19734
2 3 23 26 33 39 66 69 19734
2 3 23 26 33 44 46 52 39468
2 3 23 26 33 44 52 69 39468
2 3 23 26 33 46 55 65 98670
2 3 23 26 34 39 46 51 30498
2 3 23 26 34 39 46 102 30498
2 3 23 26 34 39 51 69 30498
2 3 23 26 35 39 42 115 62790
2 3 23 26 35 39 46 70 62790
2 3 23 26 35 39 46 105 62790
2 3 23 26 35 42 46 65 62790
2 3 23 26 37 39 46 74 66378
2 3 23 26 38 39 46 57 34086
2 3 23 27 28 42 46 108 17388
2 3 23 27 28 42 54 92 17388
2 3 23 27 28 46 54 84 17388
2 3 23 27 29 46 54 58 36018
2 3 23 27 29 46 54 87 36018
2 3 23 27 30 45 46 54 6210
2 3 23 27 30 45 54 69 6210
2 3 23 27 31 46 54 62 38502
2 3 23 27 34 46 51 54 21114
2 3 23 28 29 42 46 116 56028
2 3 23 28 30 35 42 92 9660
2 3 23 28 30 35 46 60 9660
2 3 23 28 30 35 46 84 9660
2 3 23 28 30 35 46 92 9660
2 3 23 28 30 35 60 69 9660
2 3 23 28 30 35 60 92 9660
2 3 23 28 30 35 69 84 9660
2 3 23 28 30 40 46 56 19320
2 3 23 28 30 40 56 69 19320
2 3 23 28 30 42 46 60 9660
2 3 23 28 30 42 60 69 9660
2 3 23 28 33 35 44 115 106260
2 3 23 28 33 35 55 92 106260
2 3 23 28 33 42 44 46 21252
2 3 23 28 33 42 44 69 21252
2 3 23 28 33 42 44 92 21252
2 3 23 28 33 44 46 77 21252
2 3 23 28 34 42 46 68 32844
2 3 23 28 35 36 45 46 28980
2 3 23 28 35 36 45 69 28980
2 3 23 28 35 36 45 92 28980
2 3 23 28 35 36 46 90 28980
2 3 23 28 35 42 46 60 9660
2 3 23 28 36 42 46 63 5796
2 3 23 28 39 42 46 52 25116
2 3 23 30 33 35 46 77 53130
2 3 23 30 33 44 46 60 15180
2 3 23 30 35 40 46 56 19320
