4 5 6 7 8 9 35 72 2520
4 5 6 7 8 9 40 63 2520
4 5 6 7 8 9 40 126 2520
4 5 6 7 8 9 45 56 2520
4 5 6 7 8 9 56 90 2520
4 5 6 7 8 9 63 120 2520
4 5 6 7 8 9 70 72 2520
4 5 6 7 8 9 72 105 2520
4 5 6 7 8 9 120 126 2520
4 5 6 7 8 10 12 56 840
4 5 6 7 8 10 14 24 840
4 5 6 7 8 10 14 120 840
4 5 6 7 8 10 15 56 840
4 5 6 7 8 10 21 24 840
4 5 6 7 8 10 21 40 840
4 5 6 7 8 10 21 56 840
4 5 6 7 8 10 21 120 840
4 5 6 7 8 10 24 28 840
4 5 6 7 8 10 24 35 840
4 5 6 7 8 10 24 42 840
4 5 6 7 8 10 24 56 840
4 5 6 7 8 10 24 70 840
4 5 6 7 8 10 24 84 840
4 5 6 7 8 10 24 105 840
4 5 6 7 8 10 28 120 840
4 5 6 7 8 10 30 56 840
4 5 6 7 8 10 35 120 840
4 5 6 7 8 10 40 42 840
4 5 6 7 8 10 40 84 840
4 5 6 7 8 10 40 105 840
4 5 6 7 8 10 42 56 840
4 5 6 7 8 10 42 120 840
4 5 6 7 8 10 48 112 1680
4 5 6 7 8 10 56 60 840
4 5 6 7 8 10 56 84 840
4 5 6 7 8 10 56 105 840
4 5 6 7 8 10 56 120 840
4 5 6 7 8 10 63 72 2520
4 5 6 7 8 10 70 120 840
4 5 6 7 8 10 72 126 2520
4 5 6 7 8 10 84 120 840
4 5 6 7 8 10 105 120 840
4 5 6 7 8 12 14 40 840
4 5 6 7 8 12 14 120 840
4 5 6 7 8 12 15 56 840
4 5 6 7 8 12 20 56 840
4 5 6 7 8 12 21 40 840
4 5 6 7 8 12 21 120 840
4 5 6 7 8 12 24 35 840
4 5 6 7 8 12 24 70 840
4 5 6 7 8 12 24 105 840
4 5 6 7 8 12 28 40 840
4 5 6 7 8 12 28 120 840
4 5 6 7 8 12 30 56 840
4 5 6 7 8 12 35 40 840
4 5 6 7 8 12 35 56 840
4 5 6 7 8 12 35 120 840
4 5 6 7 8 12 40 42 840
4 5 6 7 8 12 40 56 840
4 5 6 7 8 12 40 70 840
4 5 6 7 8 12 40 84 840
4 5 6 7 8 12 40 105 840
4 5 6 7 8 12 56 60 840
4 5 6 7 8 14 15 24 840
4 5 6 7 8 14 15 40 840
4 5 6 7 8 14 15 56 840
4 5 6 7 8 14 15 120 840
4 5 6 7 8 14 20 24 840
4 5 6 7 8 14 20 120 840
4 5 6 7 8 14 21 40 840
4 5 6 7 8 14 21 120 840
4 5 6 7 8 14 24 30 840
4 5 6 7 8 14 24 35 840
4 5 6 7 8 14 24 40 840
4 5 6 7 8 14 24 60 840
4 5 6 7 8 14 24 70 840
4 5 6 7 8 14 24 105 840
4 5 6 7 8 14 24 120 840
4 5 6 7 8 14 30 40 840
4 5 6 7 8 14 30 56 840
4 5 6 7 8 14 40 42 840
4 5 6 7 8 15 16 112 1680
4 5 6 7 8 15 20 56 840
4 5 6 7 8 15 21 24 840
4 5 6 7 8 15 21 40 840
4 5 6 7 8 15 21 56 840
4 5 6 7 8 15 21 120 840
4 5 6 7 8 15 24 28 840
4 5 6 7 8 15 24 35 840
4 5 6 7 8 15 24 42 840
4 5 6 7 8 15 24 56 840
4 5 6 7 8 15 24 70 840
4 5 6 7 8 15 24 84 840
4 5 6 7 8 15 24 105 840
4 5 6 7 8 15 28 40 840
4 5 6 7 8 15 28 56 840
4 5 6 7 8 15 30 56 840
4 5 6 7 8 15 35 40 840
4 5 6 7 8 16 21 80 1680
4 5 6 7 8 20 21 24 840
4 5 6 7 8 20 21 40 840
4 5 6 7 8 20 24 28 840
4 5 6 7 8 20 24 35 840
4 5 6 7 8 21 24 30 840
4 5 6 7 8 21 24 35 840
4 5 6 7 9 10 12 63 1260
4 5 6 7 9 10 12 126 1260
4 5 6 7 9 10 14 36 1260
4 5 6 7 9 10 18 28 1260
4 5 6 7 9 10 18 84 1260
4 5 6 7 9 10 20 63 1260
4 5 6 7 9 10 20 126 1260
4 5 6 7 9 10 21 36 1260
4 5 6 7 9 10 28 36 1260
4 5 6 7 9 10 28 45 1260
4 5 6 7 9 10 28 63 1260
4 5 6 7 9 10 28 90 1260
4 5 6 7 9 10 28 126 1260
4 5 6 7 9 10 35 36 1260
4 5 6 7 9 10 36 42 1260
4 5 6 7 9 10 36 63 1260
4 5 6 7 9 10 36 70 1260
4 5 6 7 9 10 36 84 1260
4 5 6 7 9 10 36 105 1260
4 5 6 7 9 10 36 126 1260
4 5 6 7 9 10 45 84 1260
4 5 6 7 9 10 56 72 2520
4 5 6 7 9 10 60 63 1260
4 5 6 7 9 12 14 45 1260
4 5 6 7 9 12 14 90 1260
4 5 6 7 9 12 15 63 1260
4 5 6 7 9 12 15 126 1260
4 5 6 7 9 12 18 35 1260
4 5 6 7 9 12 18 70 1260
4 5 6 7 9 12 18 105 1260
4 5 6 7 9 12 20 63 1260
4 5 6 7 9 12 20 126 1260
4 5 6 7 9 12 21 45 1260
4 5 6 7 9 12 21 90 1260
4 5 6 7 9 12 28 45 1260
4 5 6 7 9 12 28 90 1260
4 5 6 7 9 12 30 63 1260
4 5 6 7 9 12 35 36 1260
4 5 6 7 9 12 35 45 1260
4 5 6 7 9 14 15 36 1260
4 5 6 7 9 14 18 20 1260
4 5 6 7 9 14 18 60 1260
4 5 6 7 9 14 20 36 1260
4 5 6 7 9 14 20 45 1260
4 5 6 7 9 14 20 63 1260
4 5 6 7 9 14 20 90 1260
4 5 6 7 9 14 30 36 1260
4 5 6 7 9 15 18 28 1260
4 5 6 7 9 15 18 84 1260
4 5 6 7 9 15 20 63 1260
4 5 6 7 9 15 21 36 1260
4 5 6 7 9 15 28 36 1260
4 5 6 7 9 18 20 21 1260
4 5 6 7 9 18 20 28 1260
4 5 6 7 9 18 20 35 1260
4 5 6 7 10 11 12 77 4620
4 5 6 7 10 11 21 44 4620
4 5 6 7 10 11 22 84 4620
4 5 6 7 10 11 28 33 4620
4 5 6 7 10 11 28 66 4620
4 5 6 7 10 12 13 91 5460
4 5 6 7 10 12 14 15 420
4 5 6 7 10 12 14 20 420
4 5 6 7 10 12 14 21 420
4 5 6 7 10 12 14 28 420
4 5 6 7 10 12 14 30 420
4 5 6 7 10 12 14 35 420
4 5 6 7 10 12 14 42 420
4 5 6 7 10 12 14 60 420
4 5 6 7 10 12 14 70 420
4 5 6 7 10 12 14 84 420
4 5 6 7 10 12 14 105 420
4 5 6 7 10 12 15 21 420
4 5 6 7 10 12 15 28 420
4 5 6 7 10 12 15 35 420
4 5 6 7 10 12 15 42 420
4 5 6 7 10 12 15 70 420
4 5 6 7 10 12 15 84 420
4 5 6 7 10 12 15 105 420
4 5 6 7 10 12 16 112 1680
4 5 6 7 10 12 17 119 7140
4 5 6 7 10 12 18 63 1260
4 5 6 7 10 12 18 126 1260
4 5 6 7 10 12 20 21 420
4 5 6 7 10 12 20 28 420
4 5 6 7 10 12 20 35 420
4 5 6 7 10 12 20 42 420
4 5 6 7 10 12 20 70 420
4 5 6 7 10 12 20 84 420
4 5 6 7 10 12 20 105 420
4 5 6 7 10 12 21 28 420
4 5 6 7 10 12 21 30 420
4 5 6 7 10 12 21 35 420
4 5 6 7 10 12 21 42 420
4 5 6 7 10 12 21 60 420
4 5 6 7 10 12 21 70 420
4 5 6 7 10 12 21 84 420
4 5 6 7 10 12 22 77 4620
4 5 6 7 10 12 24 56 840
4 5 6 7 10 12 28 30 420
4 5 6 7 10 12 28 35 420
4 5 6 7 10 12 28 42 420
4 5 6 7 10 12 30 35 420
4 5 6 7 10 13 21 52 5460
4 5 6 7 10 14 15 20 420
4 5 6 7 10 14 15 28 420
4 5 6 7 10 14 15 60 420
4 5 6 7 10 14 15 84 420
4 5 6 7 10 14 16 48 1680
4 5 6 7 10 14 18 36 1260
4 5 6 7 10 14 20 21 420
4 5 6 7 10 14 20 30 420
4 5 6 7 10 14 20 42 420
4 5 6 7 10 14 21 28 420
4 5 6 7 10 15 20 21 420
4 5 6 7 10 15 20 28 420
4 5 6 7 10 15 20 35 420
4 5 6 7 10 15 21 28 420
4 5 6 7 11 12 14 55 4620
4 5 6 7 11 12 14 110 4620
4 5 6 7 11 12 15 77 4620
4 5 6 7 11 12 22 35 4620
4 5 6 7 11 14 15 44 4620
4 5 6 7 11 14 20 33 4620
4 5 6 7 12 13 14 65 5460
4 5 6 7 12 14 15 20 420
4 5 6 7 12 14 15 21 420
4 5 6 7 12 14 15 28 420
4 5 6 7 12 14 15 30 420
4 5 6 7 12 14 15 35 420
4 5 6 7 12 14 15 42 420
4 5 6 7 12 14 20 21 420
4 5 6 7 12 15 20 21 420
4 5 6 8 9 10 12 72 360
4 5 6 8 9 10 15 72 360
4 5 6 8 9 10 18 24 360
4 5 6 8 9 10 18 40 360
4 5 6 8 9 10 18 72 360
4 5 6 8 9 10 18 120 360
4 5 6 8 9 10 20 72 360
4 5 6 8 9 10 24 36 360
4 5 6 8 9 10 24 45 360
4 5 6 8 9 10 24 72 360
4 5 6 8 9 10 24 90 360
4 5 6 8 9 10 36 40 360
4 5 6 8 9 12 15 72 360
4 5 6 8 9 12 18 40 360
4 5 6 8 9 15 18 24 360
4 5 6 8 10 11 12 88 1320
4 5 6 8 10 11 15 88 1320
4 5 6 8 10 11 22 24 1320
4 5 6 8 10 11 24 33 1320
4 5 6 8 10 12 13 104 1560
4 5 6 8 10 12 14 56 840
4 5 6 8 10 12 15 24 120
4 5 6 8 10 12 15 40 120
4 5 6 8 10 12 16 48 240
4 5 6 8 10 12 20 24 120
4 5 6 8 10 14 21 24 840
4 5 6 9 10 11 12 99 1980
4 5 6 9 10 12 15 18 180
4 5 6 9 10 12 15 36 180
4 5 6 9 10 12 18 20 180
4 5 6 10 11 12 15 22 660
4 5 7 8 9 10 14 72 2520
4 5 7 8 9 10 18 56 2520
4 5 7 8 10 12 14 24 840
4 5 7 9 10 12 14 18 1260
