2 3 26 27 28 36 54 91 9828
2 3 26 27 28 39 42 108 9828
2 3 26 27 28 39 54 84 9828
2 3 26 27 28 42 52 54 9828
2 3 26 27 29 39 54 58 20358
2 3 26 27 30 35 54 91 24570
2 3 26 27 30 39 45 54 3510
2 3 26 27 30 39 54 65 3510
2 3 26 27 31 39 54 62 21762
2 3 26 27 34 39 51 54 11934
2 3 26 28 29 39 42 116 31668
2 3 26 28 29 42 52 58 31668
2 3 26 28 30 35 36 117 16380
2 3 26 28 30 35 39 52 5460
2 3 26 28 30 35 39 60 5460
2 3 26 28 30 35 39 84 5460
2 3 26 28 30 35 40 104 10920
2 3 26 28 30 35 42 52 5460
2 3 26 28 30 35 52 60 5460
2 3 26 28 30 35 52 65 5460
2 3 26 28 30 35 52 70 5460
2 3 26 28 30 35 52 78 5460
2 3 26 28 30 35 52 84 5460
2 3 26 28 30 35 60 65 5460
2 3 26 28 30 36 45 91 16380
2 3 26 28 30 39 40 56 10920
2 3 26 28 30 39 42 60 5460
2 3 26 28 30 40 52 56 10920
2 3 26 28 30 42 52 60 5460
2 3 26 28 33 35 44 65 60060
2 3 26 28 33 35 52 55 60060
2 3 26 28 33 39 42 44 12012
2 3 26 28 33 42 44 52 12012
2 3 26 28 34 39 42 68 18564
2 3 26 28 35 36 39 45 16380
2 3 26 28 35 36 39 90 16380
2 3 26 28 35 36 45 52 16380
2 3 26 28 35 36 45 65 16380
2 3 26 28 35 39 40 56 10920
2 3 26 28 35 39 42 60 5460
2 3 26 28 35 39 44 55 60060
2 3 26 28 36 39 42 63 3276
2 3 26 30 33 35 39 77 30030
2 3 26 30 33 39 44 60 8580
2 3 26 30 35 39 40 56 10920
