2 3 24 25 26 30 50 104 7800
2 3 24 25 26 30 75 104 7800
2 3 24 25 26 30 100 104 7800
2 3 24 25 26 39 40 50 7800
2 3 24 25 26 39 40 75 7800
2 3 24 25 26 39 40 100 7800
2 3 24 25 26 39 50 104 7800
2 3 24 25 26 39 50 120 7800
2 3 24 25 26 39 75 104 7800
2 3 24 25 26 39 75 120 7800
2 3 24 25 26 40 50 52 7800
2 3 24 25 26 40 50 65 7800
2 3 24 25 26 40 50 78 7800
2 3 24 25 26 40 50 104 7800
2 3 24 25 26 40 52 75 7800
2 3 24 25 26 40 52 100 7800
2 3 24 25 26 40 65 75 7800
2 3 24 25 26 40 65 100 7800
2 3 24 25 26 40 75 78 7800
2 3 24 25 26 40 75 104 7800
2 3 24 25 26 40 78 100 7800
2 3 24 25 26 50 52 104 7800
2 3 24 25 26 50 52 120 7800
2 3 24 25 26 50 56 91 54600
2 3 24 25 27 40 50 54 5400
2 3 24 25 27 40 50 108 5400
2 3 24 25 27 40 54 75 5400
2 3 24 25 27 40 54 100 5400
2 3 24 25 27 50 54 72 5400
2 3 24 25 28 30 50 56 4200
2 3 24 25 28 30 56 75 4200
2 3 24 25 28 30 56 100 4200
2 3 24 25 28 35 40 50 4200
2 3 24 25 28 35 40 75 4200
2 3 24 25 28 35 40 100 4200
2 3 24 25 28 35 50 56 4200
2 3 24 25 28 35 50 120 4200
2 3 24 25 28 35 56 75 4200
2 3 24 25 28 35 56 100 4200
2 3 24 25 28 35 75 120 4200
2 3 24 25 28 40 42 50 4200
2 3 24 25 28 40 42 75 4200
2 3 24 25 28 40 42 100 4200
2 3 24 25 28 40 50 56 4200
2 3 24 25 28 40 50 70 4200
2 3 24 25 28 40 50 84 4200
2 3 24 25 28 40 50 105 4200
2 3 24 25 28 40 56 75 4200
2 3 24 25 28 40 56 100 4200
2 3 24 25 28 40 70 75 4200
2 3 24 25 28 40 75 84 4200
2 3 24 25 28 42 50 56 4200
2 3 24 25 28 42 50 120 4200
2 3 24 25 28 42 56 75 4200
2 3 24 25 28 42 56 100 4200
2 3 24 25 28 48 50 112 8400
2 3 24 25 28 50 56 60 4200
2 3 24 25 28 50 56 70 4200
2 3 24 25 28 50 56 75 4200
2 3 24 25 28 50 56 84 4200
2 3 24 25 28 50 63 72 12600
2 3 24 25 29 40 50 58 17400
2 3 24 25 29 40 50 87 17400
2 3 24 25 29 40 50 116 17400
2 3 24 25 29 40 58 75 17400
2 3 24 25 29 40 58 100 17400
2 3 24 25 30 32 50 96 2400
2 3 24 25 30 32 75 96 2400
2 3 24 25 30 33 50 88 6600
2 3 24 25 30 33 75 88 6600
2 3 24 25 30 35 50 56 4200
2 3 24 25 30 35 56 75 4200
2 3 24 25 30 35 56 100 4200
2 3 24 25 30 36 50 72 1800
2 3 24 25 30 36 72 75 1800
2 3 24 25 30 39 50 104 7800
2 3 24 25 30 40 50 60 600
2 3 24 25 30 40 50 75 600
2 3 24 25 30 40 50 100 600
2 3 24 25 30 40 50 120 600
2 3 24 25 30 40 60 75 600
2 3 24 25 30 42 50 56 4200
2 3 24 25 30 42 56 75 4200
2 3 24 25 30 44 50 88 6600
2 3 24 25 30 45 50 72 1800
2 3 24 25 30 48 50 80 1200
2 3 24 25 30 50 56 70 4200
2 3 24 25 31 40 50 62 18600
2 3 24 25 31 40 50 93 18600
2 3 24 25 31 40 50 124 18600
2 3 24 25 31 40 62 75 18600
2 3 24 25 32 40 50 96 2400
2 3 24 25 33 40 44 50 6600
2 3 24 25 33 40 44 75 6600
2 3 24 25 33 40 44 100 6600
2 3 24 25 33 40 50 55 6600
2 3 24 25 33 40 50 66 6600
2 3 24 25 33 40 50 88 6600
2 3 24 25 33 40 55 75 6600
2 3 24 25 34 40 50 51 10200
2 3 24 25 34 40 50 68 10200
2 3 24 25 34 40 50 85 10200
2 3 24 25 34 40 51 75 10200
2 3 24 25 35 40 42 50 4200
2 3 24 25 35 40 42 75 4200
2 3 24 25 35 40 42 100 4200
2 3 24 25 35 40 50 56 4200
2 3 24 25 35 40 50 70 4200
2 3 24 25 35 40 50 84 4200
2 3 24 25 35 42 50 56 4200
2 3 24 25 36 40 45 50 1800
2 3 24 25 36 40 45 75 1800
2 3 24 25 36 40 50 72 1800
2 3 24 25 37 40 50 74 22200
2 3 24 25 38 40 50 57 11400
2 3 24 25 39 40 50 52 7800
2 3 24 25 39 40 50 65 7800
2 3 24 25 40 42 50 56 4200
2 3 24 25 40 44 50 55 6600
2 3 24 26 27 36 54 104 2808
2 3 24 26 27 39 54 72 2808
2 3 24 26 27 39 54 104 2808
2 3 24 26 27 40 54 65 14040
2 3 24 26 27 40 65 108 14040
2 3 24 26 27 52 54 72 2808
2 3 24 26 28 30 35 104 10920
2 3 24 26 28 30 40 91 10920
2 3 24 26 28 30 56 65 10920
2 3 24 26 28 30 70 104 10920
2 3 24 26 28 30 91 120 10920
2 3 24 26 28 30 104 105 10920
2 3 24 26 28 32 91 96 8736
2 3 24 26 28 33 77 104 24024
2 3 24 26 28 33 88 91 24024
2 3 24 26 28 35 39 40 10920
2 3 24 26 28 35 39 120 10920
2 3 24 26 28 35 40 52 10920
2 3 24 26 28 35 40 65 10920
2 3 24 26 28 35 40 78 10920
2 3 24 26 28 35 40 91 10920
2 3 24 26 28 35 40 104 10920
2 3 24 26 28 35 52 120 10920
2 3 24 26 28 35 56 65 10920
2 3 24 26 28 35 60 104 10920
2 3 24 26 28 35 65 104 10920
2 3 24 26 28 35 65 120 10920
2 3 24 26 28 35 70 104 10920
2 3 24 26 28 36 56 117 6552
2 3 24 26 28 36 63 104 6552
2 3 24 26 28 36 72 91 6552
2 3 24 26 28 39 40 70 10920
2 3 24 26 28 39 40 105 10920
2 3 24 26 28 39 42 56 2184
2 3 24 26 28 39 42 104 2184
2 3 24 26 28 39 48 112 4368
2 3 24 26 28 39 52 56 2184
2 3 24 26 28 39 56 78 2184
2 3 24 26 28 39 56 84 2184
2 3 24 26 28 39 56 91 2184
2 3 24 26 28 39 56 104 2184
2 3 24 26 28 39 63 72 6552
2 3 24 26 28 40 42 65 10920
2 3 24 26 28 40 52 70 10920
2 3 24 26 28 40 52 105 10920
2 3 24 26 28 40 56 65 10920
2 3 24 26 28 40 60 91 10920
2 3 24 26 28 40 65 70 10920
2 3 24 26 28 40 65 84 10920
2 3 24 26 28 40 65 91 10920
2 3 24 26 28 40 70 78 10920
2 3 24 26 28 42 52 56 2184
2 3 24 26 28 42 52 104 2184
2 3 24 26 28 42 56 78 2184
2 3 24 26 28 42 56 91 2184
2 3 24 26 28 42 56 104 2184
2 3 24 26 29 39 58 104 9048
2 3 24 26 29 40 58 65 45240
2 3 24 26 30 32 65 96 6240
2 3 24 26 30 33 55 104 17160
2 3 24 26 30 33 65 88 17160
2 3 24 26 30 35 39 56 10920
2 3 24 26 30 35 40 91 10920
2 3 24 26 30 35 42 104 10920
2 3 24 26 30 35 52 56 10920
2 3 24 26 30 35 56 65 10920
2 3 24 26 30 35 56 78 10920
2 3 24 26 30 35 56 91 10920
2 3 24 26 30 35 56 104 10920
2 3 24 26 30 36 40 117 4680
2 3 24 26 30 36 45 104 4680
2 3 24 26 30 36 65 72 4680
2 3 24 26 30 39 40 52 1560
2 3 24 26 30 39 40 60 1560
2 3 24 26 30 39 40 65 1560
2 3 24 26 30 39 40 78 1560
2 3 24 26 30 39 40 104 1560
2 3 24 26 30 39 40 120 1560
2 3 24 26 30 39 45 72 4680
2 3 24 26 30 39 48 80 3120
2 3 24 26 30 39 55 88 17160
2 3 24 26 30 39 56 70 10920
2 3 24 26 30 40 42 91 10920
2 3 24 26 30 40 45 117 4680
2 3 24 26 30 40 52 60 1560
2 3 24 26 30 40 52 65 1560
2 3 24 26 30 40 52 78 1560
2 3 24 26 30 40 52 104 1560
2 3 24 26 30 40 56 91 10920
2 3 24 26 30 40 60 65 1560
2 3 24 26 30 40 60 78 1560
2 3 24 26 30 42 56 65 10920
2 3 24 26 30 45 52 72 4680
2 3 24 26 31 40 62 65 48360
2 3 24 26 32 39 48 96 1248
2 3 24 26 33 39 40 55 17160
2 3 24 26 33 39 40 110 17160
2 3 24 26 33 39 44 88 3432
2 3 24 26 33 39 44 104 3432
2 3 24 26 33 39 56 77 24024
2 3 24 26 33 40 44 65 17160
2 3 24 26 33 40 52 55 17160
2 3 24 26 33 40 55 65 17160
2 3 24 26 34 39 40 85 26520
2 3 24 26 34 40 51 65 26520
2 3 24 26 35 39 40 42 10920
2 3 24 26 35 39 40 56 10920
2 3 24 26 35 39 40 70 10920
2 3 24 26 35 39 40 84 10920
2 3 24 26 35 39 40 91 10920
2 3 24 26 35 39 40 105 10920
2 3 24 26 35 39 56 60 10920
2 3 24 26 35 39 56 65 10920
2 3 24 26 35 40 42 52 10920
2 3 24 26 35 40 42 65 10920
2 3 24 26 35 40 42 78 10920
2 3 24 26 35 40 42 91 10920
2 3 24 26 35 40 42 104 10920
2 3 24 26 35 40 52 56 10920
2 3 24 26 35 40 52 70 10920
2 3 24 26 35 40 56 65 10920
2 3 24 26 36 39 40 45 4680
2 3 24 26 36 39 40 90 4680
2 3 24 26 36 39 56 63 6552
2 3 24 26 36 40 45 52 4680
2 3 24 26 36 40 45 65 4680
2 3 24 26 36 40 45 78 4680
2 3 24 26 38 39 40 95 29640
2 3 24 26 39 40 42 70 10920
2 3 24 26 39 40 44 55 17160
2 3 24 26 39 40 45 72 4680
2 3 24 27 28 35 40 54 7560
2 3 24 27 28 35 40 108 7560
2 3 24 27 28 35 54 120 7560
2 3 24 27 28 36 54 56 1512
2 3 24 27 28 36 56 108 1512
2 3 24 27 28 40 54 70 7560
2 3 24 27 28 40 54 105 7560
2 3 24 27 28 42 54 56 1512
2 3 24 27 28 42 54 72 1512
2 3 24 27 30 35 54 56 7560
2 3 24 27 30 35 56 108 7560
2 3 24 27 30 36 40 54 1080
2 3 24 27 30 36 40 108 1080
2 3 24 27 30 40 45 54 1080
2 3 24 27 30 40 45 108 1080
2 3 24 27 30 40 54 60 1080
2 3 24 27 30 40 54 72 1080
2 3 24 27 33 40 54 55 11880
2 3 24 27 35 40 42 54 7560
2 3 24 27 35 40 54 56 7560
2 3 24 27 36 40 45 54 1080
2 3 24 28 29 35 40 58 24360
2 3 24 28 29 35 40 87 24360
2 3 24 28 29 35 40 116 24360
2 3 24 28 29 40 58 70 24360
2 3 24 28 29 42 56 58 4872
2 3 24 28 30 32 35 96 3360
2 3 24 28 30 33 35 88 9240
2 3 24 28 30 33 40 77 9240
2 3 24 28 30 33 55 56 9240
2 3 24 28 30 33 56 110 9240
2 3 24 28 30 34 40 119 14280
2 3 24 28 30 34 56 85 14280
2 3 24 28 30 35 36 72 2520
2 3 24 28 30 35 39 104 10920
2 3 24 28 30 35 40 42 840
2 3 24 28 30 35 40 56 840
2 3 24 28 30 35 40 60 840
2 3 24 28 30 35 40 70 840
2 3 24 28 30 35 40 84 840
2 3 24 28 30 35 40 105 840
2 3 24 28 30 35 40 120 840
2 3 24 28 30 35 42 56 840
2 3 24 28 30 35 42 120 840
2 3 24 28 30 35 44 88 9240
2 3 24 28 30 35 45 72 2520
2 3 24 28 30 35 48 80 1680
2 3 24 28 30 35 48 112 1680
2 3 24 28 30 35 52 104 10920
2 3 24 28 30 35 55 88 9240
2 3 24 28 30 35 56 60 840
2 3 24 28 30 35 56 70 840
2 3 24 28 30 35 56 84 840
2 3 24 28 30 35 63 72 2520
2 3 24 28 30 36 40 63 2520
2 3 24 28 30 36 40 126 2520
2 3 24 28 30 36 45 56 2520
2 3 24 28 30 36 56 90 2520
2 3 24 28 30 39 40 91 10920
2 3 24 28 30 39 56 65 10920
2 3 24 28 30 40 42 56 840
2 3 24 28 30 40 42 60 840
2 3 24 28 30 40 42 70 840
2 3 24 28 30 40 42 84 840
2 3 24 28 30 40 42 105 840
2 3 24 28 30 40 42 120 840
2 3 24 28 30 40 44 77 9240
2 3 24 28 30 40 45 63 2520
2 3 24 28 30 40 55 77 9240
2 3 24 28 30 40 56 60 840
2 3 24 28 30 40 56 70 840
2 3 24 28 30 42 45 72 2520
2 3 24 28 30 42 48 80 1680
2 3 24 28 30 42 56 60 840
2 3 24 28 30 44 55 56 9240
2 3 24 28 31 35 40 62 26040
2 3 24 28 31 35 40 93 26040
2 3 24 28 31 35 40 124 26040
2 3 24 28 31 42 56 62 5208
2 3 24 28 32 35 40 96 3360
2 3 24 28 33 35 40 44 9240
2 3 24 28 33 35 40 55 9240
2 3 24 28 33 35 40 66 9240
2 3 24 28 33 35 40 77 9240
2 3 24 28 33 35 40 88 9240
2 3 24 28 33 35 40 110 9240
2 3 24 28 33 35 44 120 9240
2 3 24 28 33 35 55 56 9240
2 3 24 28 33 40 42 55 9240
2 3 24 28 33 40 44 70 9240
2 3 24 28 33 40 55 56 9240
2 3 24 28 33 42 44 56 1848
2 3 24 28 34 35 40 51 14280
2 3 24 28 34 35 40 68 14280
2 3 24 28 34 35 40 85 14280
2 3 24 28 34 35 40 102 14280
2 3 24 28 34 35 40 119 14280
2 3 24 28 34 40 42 85 14280
2 3 24 28 34 42 51 56 2856
2 3 24 28 35 36 40 45 2520
2 3 24 28 35 36 40 63 2520
2 3 24 28 35 36 40 72 2520
2 3 24 28 35 36 40 90 2520
2 3 24 28 35 36 45 56 2520
2 3 24 28 35 36 45 72 2520
2 3 24 28 35 37 40 74 31080
2 3 24 28 35 37 40 111 31080
2 3 24 28 35 38 40 57 15960
2 3 24 28 35 38 40 76 15960
2 3 24 28 35 38 40 95 15960
2 3 24 28 35 39 40 52 10920
2 3 24 28 35 39 40 65 10920
2 3 24 28 35 39 40 78 10920
2 3 24 28 35 39 40 91 10920
2 3 24 28 35 40 41 82 34440
2 3 24 28 35 40 42 56 840
2 3 24 28 35 40 42 60 840
2 3 24 28 35 40 42 70 840
2 3 24 28 35 40 44 55 9240
2 3 24 28 35 40 44 66 9240
2 3 24 28 35 40 45 63 2520
2 3 24 28 35 40 45 72 2520
2 3 24 28 35 40 46 69 19320
2 3 24 28 36 40 42 45 2520
2 3 24 28 36 40 45 56 2520
2 3 24 28 36 40 45 63 2520
2 3 24 28 39 40 42 65 10920
2 3 24 28 40 42 44 55 9240
2 3 24 29 30 35 56 58 24360
2 3 24 29 30 35 56 87 24360
2 3 24 29 30 40 58 60 3480
2 3 24 29 33 40 55 58 38280
2 3 24 29 35 40 42 58 24360
2 3 24 29 36 40 45 58 10440
2 3 24 30 31 35 56 62 26040
2 3 24 30 32 35 42 96 3360
2 3 24 30 33 35 40 77 9240
2 3 24 30 33 35 42 88 9240
2 3 24 30 33 35 44 56 9240
2 3 24 30 33 35 55 56 9240
2 3 24 30 33 35 56 66 9240
2 3 24 30 33 36 40 99 3960
2 3 24 30 33 40 42 77 9240
2 3 24 30 33 40 44 55 1320
2 3 24 30 33 40 44 60 1320
2 3 24 30 33 40 44 66 1320
2 3 24 30 34 35 51 56 14280
2 3 24 30 35 36 40 63 2520
2 3 24 30 35 36 42 72 2520
2 3 24 30 35 36 45 56 2520
2 3 24 30 35 40 42 56 840
2 3 24 30 35 40 42 60 840
2 3 24 30 36 40 42 63 2520
2 3 24 31 35 40 42 62 26040
2 3 24 33 35 40 42 44 9240
2 3 24 33 35 40 42 55 9240
2 3 24 33 36 40 44 45 3960
2 3 24 34 35 40 42 51 14280
2 3 24 35 36 40 42 45 2520
