[2, 4, 6, 8, 12, 16, 48] sum=1.208333 lcm=48
[2, 4, 6, 8, 16, 24, 48] sum=1.166667 lcm=48
[2, 4, 6, 9, 12, 18, 36] sum=1.194444 lcm=36
[2, 4, 6, 12, 16, 24, 48] sum=1.125000 lcm=48
[2, 4, 8, 12, 16, 24, 48] sum=1.083333 lcm=48
[2, 3, 4, 6, 8, 16, 48] sum=1.458333 lcm=48
[2, 3, 4, 6, 9, 18, 36] sum=1.444444 lcm=36
[2, 3, 4, 6, 16, 24, 48] sum=1.375000 lcm=48
[2, 3, 4, 8, 12, 16, 48] sum=1.375000 lcm=48
[2, 3, 4, 8, 16, 24, 48] sum=1.333333 lcm=48
[2, 3, 4, 9, 12, 18, 36] sum=1.361111 lcm=36
[2, 3, 4, 12, 16, 24, 48] sum=1.291667 lcm=48
[2, 3, 6, 8, 12, 16, 48] sum=1.291667 lcm=48
[2, 3, 6, 9, 12, 18, 36] sum=1.277778 lcm=36
[2, 3, 6, 12, 16, 24, 48] sum=1.208333 lcm=48
# k=7 complete=True I(k)=15 sat_checked=16057 pruned_private=6897323 prefixes=11 elapsed=27.7s
