# W47a = W44a + 7 degree-2 vertices planted to the (HUG-EQ) shape, round 47 slice 3.  n=428 l=4.971963 rad=5 diam=6 cond4=126 FIRE-GAP=161/531759
428
0 145
0 420
0 421
0 343
0 11
0 381
1 81
1 387
1 421
1 317
1 363
1 141
2 414
2 228
2 422
2 346
2 222
2 62
3 210
3 312
3 423
3 8
3 346
3 172
4 353
4 293
4 133
4 422
4 333
4 365
5 175
5 191
5 19
5 423
5 361
5 335
6 36
6 424
6 136
6 170
6 28
6 78
7 26
7 424
7 234
7 412
7 413
7 382
8 321
8 419
8 293
8 309
8 425
9 17
9 69
9 389
9 375
9 425
9 239
10 224
10 194
10 150
10 248
10 426
10 88
11 426
11 328
11 170
11 380
11 350
12 277
12 85
12 427
12 377
12 75
12 267
13 153
13 179
13 85
13 169
13 254
14 416
14 80
14 368
14 180
14 427
14 204
15 306
15 196
15 252
15 392
15 76
16 181
16 41
16 381
16 79
16 303
17 65
17 35
17 268
17 413
18 68
18 86
18 170
18 300
18 222
19 82
19 246
19 376
19 204
20 289
20 163
20 147
20 389
20 280
21 145
21 165
21 151
21 301
21 207
22 124
22 226
22 132
22 186
22 156
23 162
23 296
23 362
23 301
23 286
24 189
24 327
24 167
24 61
24 414
25 417
25 369
25 293
25 375
25 415
26 408
26 294
26 246
26 106
27 48
27 84
27 278
27 184
27 154
28 403
28 100
28 409
28 270
29 161
29 83
29 203
29 413
29 127
30 162
30 226
30 90
30 348
30 92
31 288
31 388
31 314
31 172
31 110
32 63
32 403
32 391
32 221
32 47
33 65
33 337
33 313
33 267
33 143
34 126
34 388
34 344
34 56
34 78
35 68
35 280
35 90
35 158
36 85
36 249
36 265
36 109
37 161
37 113
37 391
37 299
37 399
38 404
38 262
38 88
38 42
38 172
39 356
39 406
39 248
39 202
39 220
40 97
40 401
40 327
40 201
40 253
41 179
41 299
41 109
41 413
42 146
42 164
42 408
42 392
43 384
43 279
43 344
43 106
43 366
44 161
44 133
44 407
44 91
44 111
45 289
45 207
45 51
45 249
45 367
46 352
46 117
46 390
46 216
46 90
47 209
47 260
47 77
47 334
48 291
48 403
48 361
48 314
49 371
49 247
49 249
49 219
49 383
50 258
50 236
50 408
50 204
50 222
51 146
51 296
51 74
51 188
52 387
52 180
52 87
52 103
52 89
53 115
53 277
53 335
53 169
53 399
54 224
54 209
54 66
54 370
54 414
55 162
55 370
55 228
55 390
55 262
56 405
56 343
56 137
56 279
57 99
57 197
57 409
57 283
57 127
58 344
58 316
58 200
58 332
58 92
59 192
59 258
59 386
59 308
59 62
60 243
60 71
60 215
60 247
60 301
61 209
61 83
61 409
61 301
62 340
62 86
62 138
63 66
63 388
63 244
63 296
64 81
64 357
64 325
64 149
64 169
65 307
65 85
65 255
66 80
66 310
66 342
67 112
67 340
67 235
67 318
67 79
68 401
68 83
68 255
69 195
69 115
69 133
69 349
70 326
70 218
70 138
70 206
70 394
71 178
71 82
71 152
71 298
72 419
72 373
72 233
72 269
72 95
73 417
73 117
73 311
73 75
73 365
74 368
74 148
74 308
74 94
75 208
75 348
75 414
76 376
76 361
76 347
76 93
77 81
77 305
77 121
77 95
78 162
78 116
78 124
79 350
79 372
79 174
80 225
80 191
80 143
81 277
81 223
82 322
82 274
82 122
83 348
83 350
84 273
84 309
84 85
84 108
86 320
86 336
86 360
87 256
87 350
87 276
87 206
88 369
88 197
88 331
89 417
89 307
89 329
89 287
90 354
90 388
91 240
91 272
91 198
91 382
92 292
92 123
92 331
93 369
93 133
93 303
93 335
94 404
94 200
94 202
94 124
95 390
95 378
95 108
96 241
96 275
96 265
96 186
96 223
97 369
97 281
97 377
97 319
98 354
98 402
98 198
98 378
98 140
99 272
99 184
99 158
99 270
100 288
100 161
100 115
100 351
101 241
101 323
101 341
101 185
101 399
102 290
102 148
102 198
102 310
102 253
103 192
103 264
103 220
103 238
104 401
104 293
104 391
104 153
104 269
105 193
105 391
105 317
105 187
105 157
106 326
106 330
106 204
107 274
107 406
107 246
107 298
107 366
108 356
108 319
108 351
109 113
109 213
109 126
110 408
110 136
110 329
110 380
111 260
111 348
111 154
111 302
112 129
112 193
112 339
112 137
113 129
113 291
113 407
114 338
114 180
114 262
114 122
114 252
115 274
115 388
116 211
116 164
116 123
116 316
117 153
117 211
117 415
118 384
118 144
118 312
118 168
118 202
119 160
119 226
119 325
119 216
119 250
120 353
120 373
120 267
120 349
120 187
121 259
121 357
121 407
121 155
122 400
122 276
122 370
123 176
123 324
123 300
124 131
124 403
125 289
125 379
125 279
125 219
125 317
126 132
126 309
126 238
127 212
127 134
127 314
128 207
128 303
128 153
128 395
128 399
129 320
129 145
129 328
130 384
130 360
130 170
130 362
130 394
131 416
131 160
131 144
131 230
132 385
132 307
132 165
133 165
134 177
134 328
134 168
134 412
135 416
135 386
135 356
135 212
135 312
136 211
136 155
136 397
137 177
137 265
137 269
138 400
138 184
138 190
139 160
139 198
139 266
139 188
139 318
140 385
140 391
140 233
140 409
141 341
141 181
141 313
141 171
142 326
142 230
142 182
142 156
142 152
143 404
143 166
143 232
144 245
144 151
144 237
145 183
145 221
146 332
146 158
146 287
147 256
147 346
147 268
147 302
148 389
148 171
148 271
149 197
149 151
149 313
149 186
150 208
150 252
150 214
150 396
151 382
151 398
152 257
152 405
152 351
153 397
154 402
154 312
154 412
155 194
155 298
155 174
156 195
156 265
156 365
157 273
157 167
157 331
157 303
158 224
158 242
159 288
159 368
159 404
159 360
159 169
160 241
160 367
161 341
162 236
163 420
163 342
163 182
163 330
164 327
164 185
164 411
165 245
165 311
166 224
166 372
166 261
166 358
167 304
167 274
167 392
168 259
168 389
168 253
169 308
170 234
171 326
171 376
171 222
172 201
172 251
173 263
173 317
173 231
173 205
173 271
174 322
174 356
174 250
175 392
175 284
175 296
175 220
176 355
176 310
176 311
176 297
177 195
177 307
177 309
178 418
178 290
178 282
178 364
179 284
179 187
179 300
180 195
180 339
181 354
181 229
181 380
182 242
182 360
182 398
183 192
183 306
183 248
183 188
184 227
184 199
185 297
185 347
185 190
186 259
186 278
187 290
187 260
188 337
188 197
189 287
189 325
189 363
189 255
190 212
190 202
190 410
191 272
191 400
191 214
192 226
192 237
193 249
193 313
193 381
194 320
194 374
194 408
195 198
196 325
196 217
196 299
196 219
197 321
199 316
199 280
199 380
199 286
200 226
200 343
200 317
201 213
201 415
201 239
202 272
203 402
203 387
203 324
203 330
204 235
205 371
205 281
205 233
205 367
206 352
206 370
206 277
207 276
207 378
208 223
208 260
208 367
209 353
209 371
210 402
210 374
210 394
210 332
211 379
211 332
212 323
212 247
213 353
213 323
213 287
214 240
214 306
214 250
215 336
215 368
215 386
215 390
216 343
216 373
216 299
217 295
217 329
217 333
217 239
218 294
218 232
218 410
218 315
219 324
219 362
220 223
220 271
221 227
221 387
221 259
222 294
223 306
224 231
225 227
225 319
225 359
225 375
227 304
227 290
228 405
228 299
228 412
229 289
229 261
229 315
229 349
230 304
230 292
230 376
231 418
231 374
231 318
232 291
232 243
232 383
233 359
233 303
234 356
234 314
234 366
235 336
235 342
235 251
236 369
236 355
236 395
237 337
237 365
237 271
238 262
238 300
238 302
239 384
239 316
240 419
240 245
240 405
241 417
241 271
242 274
242 308
242 378
243 338
243 345
243 364
244 275
244 292
244 383
244 295
245 273
245 297
246 264
246 268
247 288
247 270
248 321
248 277
249 397
250 382
250 270
251 372
251 362
251 267
252 291
252 255
253 295
253 364
254 294
254 262
254 406
254 266
255 292
256 321
256 405
256 411
257 340
257 389
257 395
257 319
258 338
258 394
258 300
259 270
260 279
261 383
261 331
261 399
263 338
263 370
263 360
263 334
264 390
264 279
264 351
265 305
266 276
266 284
266 331
267 358
268 355
268 275
269 341
269 393
272 329
273 416
273 313
275 322
275 286
276 375
278 292
278 357
278 393
280 373
280 297
281 283
281 315
281 333
282 339
282 358
282 284
282 383
283 336
283 372
283 330
284 315
285 321
285 359
285 379
285 311
285 335
286 406
286 382
287 374
288 381
289 341
290 326
291 354
293 315
294 397
295 328
295 396
296 329
297 379
298 395
298 414
301 413
302 418
302 328
304 407
304 393
305 385
305 387
305 346
306 366
307 380
308 371
309 327
310 400
310 354
311 386
312 377
314 346
316 323
318 378
318 332
319 334
320 330
320 347
322 358
322 392
323 340
324 411
324 343
325 385
327 366
333 401
333 373
334 352
334 394
335 406
336 339
337 376
337 393
338 416
339 359
340 381
342 402
342 361
344 419
344 363
345 379
345 361
345 367
347 364
347 415
348 393
349 363
349 365
350 412
351 415
352 407
352 396
353 377
355 403
355 396
357 371
357 410
358 368
359 404
362 398
363 418
372 384
374 410
375 410
377 409
385 419
386 418
395 398
396 411
397 411
398 400
401 417
