# SD(W43a,0-163)  n=421 mu=2 l=4.988124 rad=5 diam=6
421
0 11
0 145
0 343
0 381
0 420
1 81
1 141
1 317
1 363
1 387
2 62
2 222
2 228
2 346
2 414
3 8
3 172
3 210
3 312
3 346
4 133
4 293
4 333
4 353
4 365
5 19
5 175
5 191
5 335
5 361
6 28
6 36
6 78
6 136
6 170
7 26
7 234
7 382
7 412
7 413
8 293
8 309
8 321
8 419
9 17
9 69
9 239
9 375
9 389
10 88
10 150
10 194
10 224
10 248
11 170
11 328
11 350
11 380
12 75
12 85
12 267
12 277
12 377
13 85
13 153
13 169
13 179
13 254
14 80
14 180
14 204
14 368
14 416
15 76
15 196
15 252
15 306
15 392
16 41
16 79
16 181
16 303
16 381
17 35
17 65
17 268
17 413
18 68
18 86
18 170
18 222
18 300
19 82
19 204
19 246
19 376
20 147
20 163
20 280
20 289
20 389
21 145
21 151
21 165
21 207
21 301
22 124
22 132
22 156
22 186
22 226
23 162
23 286
23 296
23 301
23 362
24 61
24 167
24 189
24 327
24 414
25 293
25 369
25 375
25 415
25 417
26 106
26 246
26 294
26 408
27 48
27 84
27 154
27 184
27 278
28 100
28 270
28 403
28 409
29 83
29 127
29 161
29 203
29 413
30 90
30 92
30 162
30 226
30 348
31 110
31 172
31 288
31 314
31 388
32 47
32 63
32 221
32 391
32 403
33 65
33 143
33 267
33 313
33 337
34 56
34 78
34 126
34 344
34 388
35 68
35 90
35 158
35 280
36 85
36 109
36 249
36 265
37 113
37 161
37 299
37 391
37 399
38 42
38 88
38 172
38 262
38 404
39 202
39 220
39 248
39 356
39 406
40 97
40 201
40 253
40 327
40 401
41 109
41 179
41 299
41 413
42 146
42 164
42 392
42 408
43 106
43 279
43 344
43 366
43 384
44 91
44 111
44 133
44 161
44 407
45 51
45 207
45 249
45 289
45 367
46 90
46 117
46 216
46 352
46 390
47 77
47 209
47 260
47 334
48 291
48 314
48 361
48 403
49 219
49 247
49 249
49 371
49 383
50 204
50 222
50 236
50 258
50 408
51 74
51 146
51 188
51 296
52 87
52 89
52 103
52 180
52 387
53 115
53 169
53 277
53 335
53 399
54 66
54 209
54 224
54 370
54 414
55 162
55 228
55 262
55 370
55 390
56 137
56 279
56 343
56 405
57 99
57 127
57 197
57 283
57 409
58 92
58 200
58 316
58 332
58 344
59 62
59 192
59 258
59 308
59 386
60 71
60 215
60 243
60 247
60 301
61 83
61 209
61 301
61 409
62 86
62 138
62 340
63 66
63 244
63 296
63 388
64 81
64 149
64 169
64 325
64 357
65 85
65 255
65 307
66 80
66 310
66 342
67 79
67 112
67 235
67 318
67 340
68 83
68 255
68 401
69 115
69 133
69 195
69 349
70 138
70 206
70 218
70 326
70 394
71 82
71 152
71 178
71 298
72 95
72 233
72 269
72 373
72 419
73 75
73 117
73 311
73 365
73 417
74 94
74 148
74 308
74 368
75 208
75 348
75 414
76 93
76 347
76 361
76 376
77 81
77 95
77 121
77 305
78 116
78 124
78 162
79 174
79 350
79 372
80 143
80 191
80 225
81 223
81 277
82 122
82 274
82 322
83 348
83 350
84 85
84 108
84 273
84 309
86 320
86 336
86 360
87 206
87 256
87 276
87 350
88 197
88 331
88 369
89 287
89 307
89 329
89 417
90 354
90 388
91 198
91 240
91 272
91 382
92 123
92 292
92 331
93 133
93 303
93 335
93 369
94 124
94 200
94 202
94 404
95 108
95 378
95 390
96 186
96 223
96 241
96 265
96 275
97 281
97 319
97 369
97 377
98 140
98 198
98 354
98 378
98 402
99 158
99 184
99 270
99 272
100 115
100 161
100 288
100 351
101 185
101 241
101 323
101 341
101 399
102 148
102 198
102 253
102 290
102 310
103 192
103 220
103 238
103 264
104 153
104 269
104 293
104 391
104 401
105 157
105 187
105 193
105 317
105 391
106 204
106 326
106 330
107 246
107 274
107 298
107 366
107 406
108 319
108 351
108 356
109 113
109 126
109 213
110 136
110 329
110 380
110 408
111 154
111 260
111 302
111 348
112 129
112 137
112 193
112 339
113 129
113 291
113 407
114 122
114 180
114 252
114 262
114 338
115 274
115 388
116 123
116 164
116 211
116 316
117 153
117 211
117 415
118 144
118 168
118 202
118 312
118 384
119 160
119 216
119 226
119 250
119 325
120 187
120 267
120 349
120 353
120 373
121 155
121 259
121 357
121 407
122 276
122 370
122 400
123 176
123 300
123 324
124 131
124 403
125 219
125 279
125 289
125 317
125 379
126 132
126 238
126 309
127 134
127 212
127 314
128 153
128 207
128 303
128 395
128 399
129 145
129 320
129 328
130 170
130 360
130 362
130 384
130 394
131 144
131 160
131 230
131 416
132 165
132 307
132 385
133 165
134 168
134 177
134 328
134 412
135 212
135 312
135 356
135 386
135 416
136 155
136 211
136 397
137 177
137 265
137 269
138 184
138 190
138 400
139 160
139 188
139 198
139 266
139 318
140 233
140 385
140 391
140 409
141 171
141 181
141 313
141 341
142 152
142 156
142 182
142 230
142 326
143 166
143 232
143 404
144 151
144 237
144 245
145 183
145 221
146 158
146 287
146 332
147 256
147 268
147 302
147 346
148 171
148 271
148 389
149 151
149 186
149 197
149 313
150 208
150 214
150 252
150 396
151 382
151 398
152 257
152 351
152 405
153 397
154 312
154 402
154 412
155 174
155 194
155 298
156 195
156 265
156 365
157 167
157 273
157 303
157 331
158 224
158 242
159 169
159 288
159 360
159 368
159 404
160 241
160 367
161 341
162 236
163 182
163 330
163 342
163 420
164 185
164 327
164 411
165 245
165 311
166 224
166 261
166 358
166 372
167 274
167 304
167 392
168 253
168 259
168 389
169 308
170 234
171 222
171 326
171 376
172 201
172 251
173 205
173 231
173 263
173 271
173 317
174 250
174 322
174 356
175 220
175 284
175 296
175 392
176 297
176 310
176 311
176 355
177 195
177 307
177 309
178 282
178 290
178 364
178 418
179 187
179 284
179 300
180 195
180 339
181 229
181 354
181 380
182 242
182 360
182 398
183 188
183 192
183 248
183 306
184 199
184 227
185 190
185 297
185 347
186 259
186 278
187 260
187 290
188 197
188 337
189 255
189 287
189 325
189 363
190 202
190 212
190 410
191 214
191 272
191 400
192 226
192 237
193 249
193 313
193 381
194 320
194 374
194 408
195 198
196 217
196 219
196 299
196 325
197 321
199 280
199 286
199 316
199 380
200 226
200 317
200 343
201 213
201 239
201 415
202 272
203 324
203 330
203 387
203 402
204 235
205 233
205 281
205 367
205 371
206 277
206 352
206 370
207 276
207 378
208 223
208 260
208 367
209 353
209 371
210 332
210 374
210 394
210 402
211 332
211 379
212 247
212 323
213 287
213 323
213 353
214 240
214 250
214 306
215 336
215 368
215 386
215 390
216 299
216 343
216 373
217 239
217 295
217 329
217 333
218 232
218 294
218 315
218 410
219 324
219 362
220 223
220 271
221 227
221 259
221 387
222 294
223 306
224 231
225 227
225 319
225 359
225 375
227 290
227 304
228 299
228 405
228 412
229 261
229 289
229 315
229 349
230 292
230 304
230 376
231 318
231 374
231 418
232 243
232 291
232 383
233 303
233 359
234 314
234 356
234 366
235 251
235 336
235 342
236 355
236 369
236 395
237 271
237 337
237 365
238 262
238 300
238 302
239 316
239 384
240 245
240 405
240 419
241 271
241 417
242 274
242 308
242 378
243 338
243 345
243 364
244 275
244 292
244 295
244 383
245 273
245 297
246 264
246 268
247 270
247 288
248 277
248 321
249 397
250 270
250 382
251 267
251 362
251 372
252 255
252 291
253 295
253 364
254 262
254 266
254 294
254 406
255 292
256 321
256 405
256 411
257 319
257 340
257 389
257 395
258 300
258 338
258 394
259 270
260 279
261 331
261 383
261 399
263 334
263 338
263 360
263 370
264 279
264 351
264 390
265 305
266 276
266 284
266 331
267 358
268 275
268 355
269 341
269 393
272 329
273 313
273 416
275 286
275 322
276 375
278 292
278 357
278 393
280 297
280 373
281 283
281 315
281 333
282 284
282 339
282 358
282 383
283 330
283 336
283 372
284 315
285 311
285 321
285 335
285 359
285 379
286 382
286 406
287 374
288 381
289 341
290 326
291 354
293 315
294 397
295 328
295 396
296 329
297 379
298 395
298 414
301 413
302 328
302 418
304 393
304 407
305 346
305 385
305 387
306 366
307 380
308 371
309 327
310 354
310 400
311 386
312 377
314 346
316 323
318 332
318 378
319 334
320 330
320 347
322 358
322 392
323 340
324 343
324 411
325 385
327 366
333 373
333 401
334 352
334 394
335 406
336 339
337 376
337 393
338 416
339 359
340 381
342 361
342 402
344 363
344 419
345 361
345 367
345 379
347 364
347 415
348 393
349 363
349 365
350 412
351 415
352 396
352 407
353 377
355 396
355 403
357 371
357 410
358 368
359 404
362 398
363 418
372 384
374 410
375 410
377 409
385 419
386 418
395 398
396 411
397 411
398 400
401 417
