# W43c = SP5(420,1)  n=420 rad=5 diam=6 |Ctr|=6 l=5.000000
420
0 19
0 35
0 135
0 137
0 369
1 35
1 37
1 75
1 259
1 341
2 64
2 174
2 216
2 300
2 386
3 32
3 116
3 190
3 274
3 312
4 91
4 107
4 169
4 331
4 411
5 157
5 251
5 329
5 401
5 415
6 164
6 176
6 208
6 212
6 414
7 122
7 138
7 208
7 396
7 398
8 111
8 153
8 175
8 187
8 261
9 71
9 117
9 337
9 365
9 407
10 70
10 152
10 210
10 326
10 416
11 86
11 182
11 264
11 280
11 364
12 41
12 47
12 63
12 129
12 245
13 49
13 174
13 373
13 395
13 417
14 116
14 120
14 166
14 258
14 342
15 77
15 194
15 220
15 250
15 266
16 23
16 67
16 227
16 338
16 365
17 45
17 63
17 273
17 289
17 363
18 130
18 214
18 335
18 336
18 342
19 60
19 138
19 332
19 392
20 87
20 175
20 221
20 315
20 407
21 69
21 253
21 293
21 297
21 403
22 148
22 334
22 402
22 404
22 405
23 144
23 161
23 342
23 394
24 69
24 153
24 179
24 285
24 335
25 81
25 109
25 119
25 227
25 393
26 92
26 224
26 244
26 312
26 352
27 148
27 222
27 390
27 395
27 408
28 53
28 149
28 191
28 293
28 401
29 129
29 147
29 261
29 322
29 405
30 96
30 126
30 206
30 296
30 310
31 88
31 90
31 98
31 108
31 332
32 157
32 233
32 271
32 287
33 67
33 195
33 215
33 289
33 293
34 48
34 166
34 188
34 284
34 370
35 102
35 290
35 314
36 37
36 101
36 147
36 151
36 325
37 169
37 281
37 385
38 202
38 326
38 346
38 350
38 374
39 344
39 364
39 370
39 372
39 384
40 149
40 171
40 245
40 305
40 373
41 65
41 208
41 289
41 361
42 60
42 188
42 312
42 338
42 407
43 118
43 152
43 346
43 384
43 402
44 49
44 87
44 117
44 225
44 281
45 49
45 183
45 271
45 391
46 62
46 64
46 66
46 252
46 286
47 96
47 178
47 200
47 210
48 51
48 205
48 234
48 373
49 173
49 253
50 178
50 308
50 327
50 354
50 376
51 88
51 176
51 404
51 418
52 103
52 135
52 139
52 207
52 393
53 105
53 157
53 275
53 289
54 128
54 186
54 264
54 342
54 344
55 148
55 268
55 278
55 356
55 370
56 85
56 257
56 323
56 343
56 377
57 79
57 85
57 163
57 333
57 401
58 279
58 304
58 316
58 394
58 412
59 130
59 284
59 334
59 344
59 378
60 155
60 219
60 295
61 79
61 201
61 317
61 339
61 345
62 80
62 250
62 318
62 352
63 100
63 112
63 294
64 83
64 137
64 327
65 87
65 121
65 191
65 261
66 79
66 114
66 202
66 258
67 88
67 188
67 350
68 233
68 285
68 292
68 393
68 413
69 187
69 227
69 379
70 266
70 288
70 300
70 360
71 256
71 288
71 304
71 404
72 267
72 283
72 299
72 375
72 383
73 127
73 155
73 331
73 403
73 417
74 118
74 162
74 200
74 252
74 378
75 140
75 280
75 380
75 386
76 215
76 255
76 281
76 343
76 355
77 187
77 218
77 258
77 315
78 84
78 99
78 226
78 266
78 306
79 182
79 224
80 201
80 302
80 343
80 389
81 127
81 221
81 361
81 381
82 144
82 186
82 316
82 380
82 396
83 96
83 254
83 376
83 410
84 145
84 177
84 333
84 369
85 179
85 185
85 245
86 128
86 148
86 294
86 418
87 110
87 176
88 121
88 167
89 228
89 291
89 299
89 331
89 389
90 222
90 236
90 382
90 388
91 106
91 256
91 292
91 352
92 104
92 189
92 197
92 217
93 159
93 261
93 345
93 371
93 401
94 154
94 216
94 272
94 345
94 374
95 166
95 220
95 270
95 306
95 308
96 237
96 293
97 198
97 251
97 273
97 307
97 367
98 120
98 262
98 322
98 394
99 322
99 323
99 328
99 410
100 133
100 207
100 365
100 417
101 305
101 353
101 395
101 399
102 166
102 232
102 388
102 398
103 170
103 286
103 316
103 332
104 111
104 143
104 221
104 301
105 125
105 221
105 237
105 253
106 156
106 202
106 290
106 382
107 172
107 198
107 202
107 280
108 113
108 171
108 353
108 384
109 113
109 197
109 279
109 299
110 170
110 198
110 360
110 362
111 272
111 318
111 388
112 139
112 209
112 235
112 301
113 153
113 337
113 343
114 188
114 300
114 330
114 394
115 190
115 252
115 272
115 372
115 414
116 149
116 213
116 347
117 199
117 255
117 317
118 222
118 338
118 398
119 273
119 288
119 325
119 344
120 137
120 321
120 377
121 195
121 228
121 277
122 124
122 294
122 301
122 336
123 132
123 260
123 284
123 287
123 418
124 136
124 175
124 193
124 283
125 169
125 287
125 310
125 367
126 192
126 212
126 274
126 318
127 256
127 382
127 400
128 199
128 387
128 397
129 269
129 325
129 353
130 211
130 375
130 406
131 196
131 262
131 312
131 319
131 410
132 240
132 305
132 315
132 405
133 139
133 147
133 263
133 361
134 183
134 228
134 308
134 336
134 358
135 204
135 302
135 366
136 171
136 185
136 329
136 359
137 213
137 373
138 146
138 324
138 364
139 208
139 328
140 183
140 353
140 407
140 411
141 151
141 219
141 327
141 341
141 365
142 184
142 372
142 374
142 378
142 408
143 176
143 178
143 270
143 296
144 201
144 269
144 341
145 173
145 215
145 271
145 349
146 236
146 328
146 346
146 412
147 243
147 251
148 211
149 153
149 391
150 236
150 278
150 289
150 291
150 296
151 238
151 242
151 337
152 229
152 369
152 415
153 223
154 206
154 298
154 330
154 392
155 244
155 320
155 330
156 163
156 247
156 283
156 319
157 349
157 377
158 184
158 312
158 318
158 350
158 416
159 272
159 284
159 306
159 324
160 185
160 203
160 299
160 337
160 405
161 247
161 249
161 397
161 416
162 190
162 256
162 278
162 392
163 344
163 350
163 368
164 203
164 319
164 345
164 355
165 241
165 297
165 301
165 371
165 383
166 226
167 196
167 282
167 302
167 412
168 193
168 224
168 239
168 313
168 362
169 211
169 245
170 254
170 295
170 390
171 234
171 390
172 296
172 325
172 377
172 405
173 189
173 315
173 379
174 242
174 246
174 408
175 300
175 366
176 239
177 205
177 227
177 285
177 325
178 179
178 264
179 186
179 279
180 257
180 259
180 355
180 389
180 406
181 281
181 313
181 314
181 321
181 339
182 198
182 204
182 398
183 236
183 242
184 189
184 371
184 399
185 209
185 417
186 350
186 400
187 248
187 391
188 243
189 246
189 415
190 206
190 412
191 212
191 288
191 320
192 219
192 265
192 391
192 409
193 319
193 332
193 363
194 204
194 351
194 380
194 411
195 356
195 382
195 384
196 257
196 263
196 327
197 321
197 331
197 371
198 218
199 218
199 292
199 324
200 246
200 311
200 403
201 367
201 383
202 220
203 244
203 290
203 362
204 213
204 381
205 275
205 315
205 347
206 362
206 370
207 309
207 348
207 389
208 417
209 249
209 261
209 327
210 230
210 378
210 402
211 298
211 326
212 237
212 255
213 283
213 379
214 218
214 302
214 370
214 378
215 282
215 305
216 329
216 373
216 407
217 248
217 268
217 291
217 335
218 376
219 268
219 334
220 273
220 361
221 259
222 260
222 314
223 242
223 262
223 270
223 380
224 326
224 409
225 257
225 295
225 363
225 419
226 264
226 274
226 358
227 386
228 263
228 385
229 311
229 313
229 397
229 406
230 294
230 298
230 357
230 368
231 276
231 308
231 322
231 324
231 326
232 233
232 251
232 323
232 337
233 249
233 265
234 270
234 310
234 376
235 263
235 322
235 400
235 402
236 415
237 270
237 321
238 241
238 298
238 333
238 394
239 240
239 288
239 340
240 273
240 311
240 323
241 332
241 336
241 400
242 404
243 268
243 308
243 360
244 317
244 329
245 267
246 354
246 388
247 266
247 320
247 414
248 275
248 375
248 419
249 279
249 367
250 254
250 277
250 416
251 258
252 313
252 395
253 339
253 347
254 356
254 368
255 329
255 412
256 335
257 388
258 284
259 339
259 358
260 360
260 367
260 387
262 280
262 406
263 324
264 307
265 355
265 379
265 411
266 348
267 268
267 302
267 396
269 287
269 335
269 397
271 300
271 340
272 303
274 292
274 418
275 282
275 320
276 291
276 345
276 385
276 415
277 347
277 369
277 409
278 330
278 352
279 310
280 283
281 365
282 360
282 366
285 385
285 387
286 328
286 330
286 381
287 298
290 306
290 340
291 368
292 297
293 353
294 314
295 342
295 374
296 351
297 309
297 333
299 304
301 349
303 346
303 354
303 386
303 401
304 359
304 385
305 359
306 398
307 352
307 356
307 387
309 359
309 375
309 382
310 348
311 338
311 404
313 317
314 392
316 351
316 379
317 375
318 410
319 333
320 377
321 419
323 402
328 399
331 387
334 380
334 418
336 354
338 372
339 372
340 381
340 399
341 403
341 409
343 348
346 396
347 408
348 363
349 381
349 389
351 355
351 376
354 390
356 411
357 359
357 362
357 391
357 413
358 364
358 414
361 395
363 392
364 397
366 400
366 410
368 399
369 371
374 414
383 390
383 406
384 393
386 403
393 416
396 413
408 419
409 413
413 419
