# W43b = SP(5,420,2)  n=420 rad=5 diam=6 |Ctr|=8 l=4.995238
420
0 12
0 84
0 186
0 212
0 245
1 12
1 86
1 108
1 128
1 392
2 21
2 143
2 170
2 191
2 305
3 15
3 43
3 187
3 205
3 391
4 156
4 280
4 296
4 376
4 392
5 65
5 68
5 136
5 292
5 414
6 37
6 163
6 184
6 185
6 281
7 19
7 131
7 197
7 288
7 331
8 37
8 86
8 123
8 296
8 340
9 139
9 140
9 183
9 312
9 386
10 141
10 253
10 325
10 358
10 400
11 61
11 259
11 327
11 349
11 375
12 80
12 260
12 374
13 36
13 106
13 130
13 170
13 181
14 277
14 309
14 353
14 360
14 361
15 53
15 73
15 213
15 337
16 34
16 146
16 172
16 266
16 416
17 52
17 100
17 150
17 160
17 246
18 19
18 75
18 153
18 363
18 370
19 173
19 323
19 338
20 27
20 164
20 240
20 381
20 396
21 81
21 148
21 202
21 320
22 100
22 117
22 165
22 245
22 285
23 41
23 173
23 185
23 257
23 350
24 30
24 54
24 108
24 310
24 376
25 164
25 258
25 271
25 274
25 380
26 175
26 199
26 283
26 303
26 323
27 34
27 104
27 218
27 397
28 56
28 118
28 151
28 168
28 190
29 33
29 77
29 82
29 164
29 280
30 121
30 125
30 233
30 308
31 116
31 143
31 165
31 209
31 248
32 53
32 242
32 284
32 288
32 300
33 88
33 190
33 315
33 399
34 87
34 99
34 299
35 98
35 211
35 292
35 314
35 355
36 50
36 155
36 179
36 191
37 126
37 157
37 233
38 80
38 164
38 261
38 265
38 391
39 63
39 113
39 232
39 394
39 413
40 56
40 92
40 359
40 410
40 415
41 152
41 166
41 266
41 383
42 93
42 117
42 215
42 241
42 305
43 90
43 111
43 237
43 387
44 64
44 114
44 211
44 364
44 395
45 81
45 105
45 145
45 146
45 198
46 97
46 197
46 205
46 318
46 400
47 165
47 179
47 193
47 304
47 336
48 73
48 119
48 150
48 268
48 354
49 91
49 186
49 256
49 348
49 394
50 218
50 225
50 267
50 302
51 87
51 105
51 171
51 203
51 250
52 170
52 252
52 389
52 414
53 145
53 292
53 330
54 220
54 255
54 269
54 372
55 141
55 184
55 220
55 257
55 289
56 68
56 234
56 336
57 147
57 222
57 263
57 278
57 368
58 90
58 228
58 273
58 390
58 418
59 197
59 231
59 247
59 297
59 401
60 100
60 198
60 332
60 384
60 390
61 65
61 156
61 210
61 314
62 101
62 133
62 136
62 253
62 406
63 65
63 153
63 341
63 347
64 95
64 186
64 332
64 374
65 228
65 402
66 100
66 186
66 303
66 361
66 413
67 267
67 287
67 396
67 407
67 417
68 155
68 232
68 280
69 88
69 310
69 314
69 360
69 369
70 85
70 116
70 161
70 332
70 340
71 80
71 268
71 285
71 289
71 373
72 158
72 216
72 254
72 314
72 350
73 206
73 298
73 371
74 162
74 202
74 235
74 343
74 397
75 202
75 203
75 230
75 330
76 128
76 188
76 226
76 228
76 305
77 94
77 263
77 330
77 384
78 129
78 147
78 159
78 259
78 321
79 194
79 201
79 211
79 295
79 354
80 105
80 298
81 183
81 215
81 246
82 91
82 139
82 254
82 261
83 92
83 148
83 207
83 256
83 372
84 138
84 199
84 341
84 403
85 102
85 143
85 202
85 262
86 109
86 173
86 401
87 229
87 265
87 281
88 212
88 246
88 251
89 92
89 232
89 270
89 279
89 404
90 298
90 377
90 416
91 133
91 283
91 408
92 319
92 324
93 219
93 239
93 282
93 386
94 97
94 212
94 223
94 283
95 113
95 321
95 336
95 345
96 154
96 243
96 275
96 313
96 351
97 110
97 312
97 402
98 106
98 366
98 374
98 414
99 259
99 368
99 406
99 410
100 244
101 188
101 290
101 349
101 372
102 169
102 178
102 307
102 357
103 150
103 253
103 261
103 369
103 378
104 157
104 309
104 358
104 402
105 206
105 384
106 166
106 358
106 390
107 138
107 261
107 299
107 371
107 411
108 134
108 140
108 268
109 146
109 373
109 389
109 408
110 219
110 234
110 268
110 324
111 186
111 274
111 297
111 347
112 205
112 225
112 361
112 366
112 373
113 181
113 272
113 317
114 163
114 234
114 255
114 329
115 119
115 127
115 219
115 275
115 382
116 219
116 279
116 381
117 132
117 177
117 267
118 208
118 256
118 281
118 354
119 152
119 241
119 369
120 154
120 203
120 225
120 352
120 357
121 317
121 329
121 344
121 373
122 201
122 237
122 267
122 271
122 323
123 143
123 176
123 293
123 364
124 239
124 285
124 295
124 320
124 324
125 153
125 192
125 244
125 300
126 168
126 181
126 231
126 332
127 134
127 144
127 188
127 341
128 159
128 187
128 394
129 191
129 338
129 395
129 400
130 171
130 290
130 291
130 409
131 211
131 226
131 237
131 311
132 201
132 246
132 311
132 331
133 153
133 225
133 404
134 161
134 245
134 248
135 205
135 217
135 326
135 356
135 388
136 245
136 263
136 365
137 235
137 286
137 319
137 334
137 346
138 183
138 242
138 359
139 159
139 276
139 370
140 179
140 316
140 416
141 171
141 249
141 350
142 187
142 315
142 321
142 364
142 379
143 247
144 176
144 198
144 365
144 412
145 169
145 227
145 302
146 375
146 398
147 221
147 243
147 308
148 174
148 272
148 378
149 194
149 337
149 350
149 353
149 379
150 250
150 398
151 193
151 199
151 216
151 296
152 243
152 363
152 405
153 177
154 177
154 223
154 346
155 156
155 177
155 214
156 176
156 249
157 257
157 270
157 276
158 160
158 180
158 204
158 214
159 172
159 379
160 258
160 294
160 359
161 179
161 319
161 328
162 228
162 290
162 331
162 385
163 178
163 354
163 355
164 373
165 394
165 405
166 180
166 361
166 389
167 264
167 294
167 356
167 387
167 389
168 175
168 212
168 326
169 244
169 252
169 384
170 301
170 360
171 287
171 293
172 232
172 338
172 367
173 310
173 410
174 189
174 238
174 316
174 417
175 188
175 359
175 387
176 239
176 345
177 337
178 319
178 382
178 403
179 270
180 196
180 203
180 241
181 273
181 348
182 194
182 330
182 349
182 371
182 383
183 224
183 406
184 217
184 282
184 369
185 254
185 379
185 399
187 223
187 351
188 304
189 199
189 214
189 334
189 370
190 197
190 349
190 407
191 227
191 340
192 348
192 381
192 405
192 406
193 252
193 267
193 316
194 235
194 417
195 239
195 306
195 344
195 356
195 418
196 240
196 264
196 288
196 376
197 343
198 208
198 288
199 368
200 213
200 224
200 265
200 274
200 295
201 229
201 275
202 398
203 362
204 264
204 341
204 363
205 262
206 309
206 317
206 396
207 268
207 346
207 352
207 411
208 251
208 360
208 375
209 255
209 258
209 259
209 357
210 229
210 296
210 304
210 311
211 221
212 388
213 221
213 303
213 398
214 371
214 377
215 263
215 296
215 321
216 352
216 355
216 409
217 299
217 355
217 401
218 262
218 271
218 322
219 364
220 236
220 241
220 311
221 245
221 411
222 269
222 301
222 356
222 380
223 300
223 418
224 280
224 308
224 385
225 339
226 231
226 315
226 336
227 259
227 355
227 408
228 399
229 234
229 385
230 255
230 289
230 331
230 369
231 236
231 345
232 351
233 327
233 377
233 394
234 335
235 247
235 381
236 246
236 260
236 377
237 269
237 286
238 248
238 292
238 360
238 403
239 366
240 318
240 359
240 386
241 350
242 310
242 382
242 416
243 304
243 378
244 404
244 407
247 265
247 399
248 313
248 391
249 321
249 391
249 393
250 328
250 335
250 392
251 307
251 342
251 415
252 262
252 353
253 273
253 317
254 272
254 358
255 417
256 347
256 365
257 357
257 405
258 328
258 352
260 279
260 370
260 419
261 279
262 294
263 322
264 372
264 412
265 284
266 270
266 328
266 407
269 290
269 406
270 362
271 305
271 324
272 293
272 335
273 357
273 419
274 283
274 361
275 276
275 419
276 367
276 393
277 313
277 362
277 390
277 401
278 298
278 352
278 354
278 410
279 295
280 381
281 307
281 403
282 312
282 382
282 393
283 367
284 343
284 345
284 372
285 297
285 327
286 314
286 325
286 368
287 318
287 366
287 388
288 367
289 363
289 408
290 339
291 319
291 333
291 338
291 418
292 338
293 311
293 412
294 308
294 327
295 299
297 298
297 335
299 343
300 306
300 387
301 329
301 348
301 419
302 315
302 365
302 396
303 330
303 380
304 346
305 413
306 309
306 343
306 351
307 318
307 383
308 401
309 411
310 408
312 323
312 395
313 317
313 333
315 324
316 345
316 409
318 344
320 379
320 397
320 404
322 336
322 382
322 395
323 390
325 337
325 377
325 387
326 342
326 362
326 404
327 344
328 400
329 334
329 339
331 364
332 383
333 344
333 410
333 413
334 391
334 414
335 362
337 419
339 368
339 397
340 375
340 389
342 367
342 402
342 416
346 363
347 370
347 398
348 403
349 415
351 392
353 358
353 397
356 383
365 409
366 384
371 386
374 396
374 402
375 409
376 405
376 407
378 386
378 388
380 385
380 392
385 400
388 395
393 411
393 412
399 415
412 413
414 418
415 417
