# n F(n) n-F(n) (n-F(n))/sqrt(n)  [records of n-F(n)]
2 2 0 0.0000
3 2 1 0.5774
8 6 2 0.7071
23 20 3 0.6255
24 20 4 0.8165
47 42 5 0.7293
48 42 6 0.8660
117 110 7 0.6472
118 110 8 0.7365
119 110 9 0.8250
120 110 10 0.9129
167 156 11 0.8512
168 156 12 0.9258
285 272 13 0.7701
286 272 14 0.8278
287 272 15 0.8854
288 272 16 0.9428
359 342 17 0.8972
360 342 18 0.9487
525 506 19 0.8292
526 506 20 0.8720
527 506 21 0.9148
528 506 22 0.9574
835 812 23 0.7959
836 812 24 0.8301
837 812 25 0.8641
838 812 26 0.8982
839 812 27 0.9321
840 812 28 0.9661
959 930 29 0.9365
960 930 30 0.9682
1363 1332 31 0.8397
1364 1332 32 0.8664
1365 1332 33 0.8932
1366 1332 34 0.9199
1367 1332 35 0.9466
1368 1332 36 0.9733
1677 1640 37 0.9035
1678 1640 38 0.9277
1679 1640 39 0.9518
1680 1640 40 0.9759
1847 1806 41 0.9540
1848 1806 42 0.9770
2205 2162 43 0.9157
2206 2162 44 0.9368
2207 2162 45 0.9579
2208 2162 46 0.9789
2803 2756 47 0.8877
2804 2756 48 0.9065
2805 2756 49 0.9252
2806 2756 50 0.9439
2807 2756 51 0.9626
2808 2756 52 0.9813
3475 3422 53 0.8991
3476 3422 54 0.9159
3477 3422 55 0.9327
3478 3422 56 0.9496
3479 3422 57 0.9664
3480 3422 58 0.9832
3719 3660 59 0.9675
3720 3660 60 0.9837
4483 4422 61 0.9111
4484 4422 62 0.9259
4485 4422 63 0.9407
4486 4422 64 0.9555
4487 4422 65 0.9704
4488 4422 66 0.9852
5037 4970 67 0.9440
5038 4970 68 0.9580
5039 4970 69 0.9720
5040 4970 70 0.9860
5327 5256 71 0.9728
5328 5256 72 0.9864
6235 6162 73 0.9245
6236 6162 74 0.9371
6237 6162 75 0.9497
6238 6162 76 0.9623
6239 6162 77 0.9748
6240 6162 78 0.9874
6885 6806 79 0.9521
6886 6806 80 0.9641
6887 6806 81 0.9760
6888 6806 82 0.9880
7915 7832 83 0.9329
7916 7832 84 0.9441
7917 7832 85 0.9553
7918 7832 86 0.9665
7919 7832 87 0.9777
7920 7832 88 0.9888
9401 9312 89 0.9179
9402 9312 90 0.9282
9403 9312 91 0.9384
9404 9312 92 0.9487
9405 9312 93 0.9590
9406 9312 94 0.9692
9407 9312 95 0.9795
9408 9312 96 0.9897
10197 10100 97 0.9606
10198 10100 98 0.9704
10199 10100 99 0.9803
10200 10100 100 0.9901
10607 10506 101 0.9807
10608 10506 102 0.9903
11445 11342 103 0.9628
11446 11342 104 0.9721
11447 11342 105 0.9814
11448 11342 106 0.9907
11879 11772 107 0.9817
11880 11772 108 0.9909
12765 12656 109 0.9648
12766 12656 110 0.9736
12767 12656 111 0.9824
12768 12656 112 0.9912
16115 16002 113 0.8902
16116 16002 114 0.8980
16117 16002 115 0.9058
16118 16002 116 0.9137
16119 16002 117 0.9215
16120 16002 118 0.9294
16121 16002 119 0.9372
16122 16002 120 0.9451
16123 16002 121 0.9529
16124 16002 122 0.9608
16125 16002 123 0.9686
16126 16002 124 0.9765
16127 16002 125 0.9843
16128 16002 126 0.9922
17157 17030 127 0.9696
17158 17030 128 0.9772
17159 17030 129 0.9848
17160 17030 130 0.9924
18763 18632 131 0.9564
18764 18632 132 0.9636
18765 18632 133 0.9709
18766 18632 134 0.9782
18767 18632 135 0.9855
18768 18632 136 0.9927
19319 19182 137 0.9857
19320 19182 138 0.9928
22191 22052 139 0.9331
22192 22052 140 0.9398
22193 22052 141 0.9465
22194 22052 142 0.9532
22195 22052 143 0.9599
22196 22052 144 0.9666
22197 22052 145 0.9732
22198 22052 146 0.9799
22199 22052 147 0.9866
22200 22052 148 0.9933
22799 22650 149 0.9868
22800 22650 150 0.9934
24643 24492 151 0.9619
24644 24492 152 0.9683
24645 24492 153 0.9746
24646 24492 154 0.9810
24647 24492 155 0.9873
24648 24492 156 0.9937
26563 26406 157 0.9633
26564 26406 158 0.9694
26565 26406 159 0.9755
26566 26406 160 0.9817
26567 26406 161 0.9878
26568 26406 162 0.9939
27885 27722 163 0.9761
27886 27722 164 0.9821
27887 27722 165 0.9881
27888 27722 166 0.9940
29923 29756 167 0.9654
29924 29756 168 0.9712
29925 29756 169 0.9769
29926 29756 170 0.9827
29927 29756 171 0.9885
29928 29756 172 0.9942
32035 31862 173 0.9666
32036 31862 174 0.9721
32037 31862 175 0.9777
32038 31862 176 0.9833
32039 31862 177 0.9889
32040 31862 178 0.9944
32759 32580 179 0.9890
32760 32580 180 0.9945
36471 36290 181 0.9478
36472 36290 182 0.9530
36473 36290 183 0.9582
36474 36290 184 0.9634
36475 36290 185 0.9687
36476 36290 186 0.9739
36477 36290 187 0.9791
36478 36290 188 0.9843
36479 36290 189 0.9896
36480 36290 190 0.9948
37247 37056 191 0.9897
37248 37056 192 0.9948
38805 38612 193 0.9797
38806 38612 194 0.9848
38807 38612 195 0.9899
38808 38612 196 0.9949
39599 39402 197 0.9900
39600 39402 198 0.9950
44509 44310 199 0.9433
44510 44310 200 0.9480
44511 44310 201 0.9527
44512 44310 202 0.9574
44513 44310 203 0.9622
44514 44310 204 0.9669
44515 44310 205 0.9716
44516 44310 206 0.9764
44517 44310 207 0.9811
44518 44310 208 0.9858
44519 44310 209 0.9905
44520 44310 210 0.9953
49717 49506 211 0.9463
49718 49506 212 0.9508
49719 49506 213 0.9553
49720 49506 214 0.9597
49721 49506 215 0.9642
49722 49506 216 0.9687
49723 49506 217 0.9732
49724 49506 218 0.9776
49725 49506 219 0.9821
49726 49506 220 0.9866
49727 49506 221 0.9911
49728 49506 222 0.9955
51525 51302 223 0.9824
51526 51302 224 0.9868
51527 51302 225 0.9912
51528 51302 226 0.9956
52439 52212 227 0.9913
52440 52212 228 0.9956
54285 54056 229 0.9829
54286 54056 230 0.9872
54287 54056 231 0.9914
54288 54056 232 0.9957
57115 56882 233 0.9749
57116 56882 234 0.9791
57117 56882 235 0.9833
57118 56882 236 0.9875
57119 56882 237 0.9916
57120 56882 238 0.9958
58079 57840 239 0.9917
58080 57840 240 0.9959
62991 62750 241 0.9602
62992 62750 242 0.9642
62993 62750 243 0.9682
62994 62750 244 0.9722
62995 62750 245 0.9761
62996 62750 246 0.9801
62997 62750 247 0.9841
62998 62750 248 0.9881
62999 62750 249 0.9920
63000 62750 250 0.9960
66043 65792 251 0.9767
66044 65792 252 0.9806
66045 65792 253 0.9845
66046 65792 254 0.9883
66047 65792 255 0.9922
66048 65792 256 0.9961
69163 68906 257 0.9772
69164 68906 258 0.9810
69165 68906 259 0.9848
69166 68906 260 0.9886
69167 68906 261 0.9924
69168 68906 262 0.9962
72355 72092 263 0.9777
72356 72092 264 0.9814
72357 72092 265 0.9852
72358 72092 266 0.9889
72359 72092 267 0.9926
72360 72092 268 0.9963
73439 73170 269 0.9926
73440 73170 270 0.9963
76723 76452 271 0.9784
76724 76452 272 0.9820
76725 76452 273 0.9856
76726 76452 274 0.9892
76727 76452 275 0.9928
76728 76452 276 0.9964
78957 78680 277 0.9858
78958 78680 278 0.9893
78959 78680 279 0.9929
78960 78680 280 0.9964
80087 79806 281 0.9929
80088 79806 282 0.9965
85839 85556 283 0.9659
85840 85556 284 0.9693
85841 85556 285 0.9727
85842 85556 286 0.9761
85843 85556 287 0.9796
85844 85556 288 0.9830
85845 85556 289 0.9864
85846 85556 290 0.9898
85847 85556 291 0.9932
85848 85556 292 0.9966
94235 93942 293 0.9545
94236 93942 294 0.9577
94237 93942 295 0.9610
94238 93942 296 0.9642
94239 93942 297 0.9675
94240 93942 298 0.9707
94241 93942 299 0.9740
94242 93942 300 0.9772
94243 93942 301 0.9805
94244 93942 302 0.9837
94245 93942 303 0.9870
94246 93942 304 0.9902
94247 93942 305 0.9935
94248 93942 306 0.9967
96717 96410 307 0.9872
96718 96410 308 0.9904
96719 96410 309 0.9936
96720 96410 310 0.9968
97967 97656 311 0.9936
97968 97656 312 0.9968
100485 100172 313 0.9874
100486 100172 314 0.9906
100487 100172 315 0.9937
100488 100172 316 0.9969
109547 109230 317 0.9578
109548 109230 318 0.9608
109549 109230 319 0.9638
109550 109230 320 0.9668
109551 109230 321 0.9698
109552 109230 322 0.9728
109553 109230 323 0.9759
109554 109230 324 0.9789
109555 109230 325 0.9819
109556 109230 326 0.9849
109557 109230 327 0.9879
109558 109230 328 0.9910
109559 109230 329 0.9940
109560 109230 330 0.9970
113563 113232 331 0.9822
113564 113232 332 0.9852
113565 113232 333 0.9881
113566 113232 334 0.9911
113567 113232 335 0.9941
113568 113232 336 0.9970
120399 120062 337 0.9712
120400 120062 338 0.9741
120401 120062 339 0.9770
120402 120062 340 0.9799
120403 120062 341 0.9827
120404 120062 342 0.9856
120405 120062 343 0.9885
120406 120062 344 0.9914
120407 120062 345 0.9942
120408 120062 346 0.9971
121799 121452 347 0.9943
121800 121452 348 0.9971
124605 124256 349 0.9887
124606 124256 350 0.9915
124607 124256 351 0.9943
124608 124256 352 0.9972
128875 128522 353 0.9833
128876 128522 354 0.9861
128877 128522 355 0.9889
128878 128522 356 0.9917
128879 128522 357 0.9944
128880 128522 358 0.9972
134681 134322 359 0.9782
134682 134322 360 0.9810
134683 134322 361 0.9837
134684 134322 362 0.9864
134685 134322 363 0.9891
134686 134322 364 0.9918
134687 134322 365 0.9946
134688 134322 366 0.9973
139123 138756 367 0.9839
139124 138756 368 0.9866
139125 138756 369 0.9893
139126 138756 370 0.9920
139127 138756 371 0.9946
139128 138756 372 0.9973
143635 143262 373 0.9842
143636 143262 374 0.9868
143637 143262 375 0.9895
143638 143262 376 0.9921
143639 143262 377 0.9947
143640 143262 378 0.9974
146685 146306 379 0.9896
146686 146306 380 0.9922
146687 146306 381 0.9948
146688 146306 382 0.9974
151315 150932 383 0.9846
151316 150932 384 0.9872
151317 150932 385 0.9897
151318 150932 386 0.9923
151319 150932 387 0.9949
151320 150932 388 0.9974
157601 157212 389 0.9799
157602 157212 390 0.9824
157603 157212 391 0.9849
157604 157212 392 0.9874
157605 157212 393 0.9899
157606 157212 394 0.9925
157607 157212 395 0.9950
157608 157212 396 0.9975
160797 160400 397 0.9900
160798 160400 398 0.9925
160799 160400 399 0.9950
160800 160400 400 0.9975
167273 166872 401 0.9805
167274 166872 402 0.9829
167275 166872 403 0.9853
167276 166872 404 0.9878
167277 166872 405 0.9902
167278 166872 406 0.9927
167279 166872 407 0.9951
167280 166872 408 0.9976
175551 175142 409 0.9762
175552 175142 410 0.9785
175553 175142 411 0.9809
175554 175142 412 0.9833
175555 175142 413 0.9857
175556 175142 414 0.9881
175557 175142 415 0.9905
175558 175142 416 0.9928
175559 175142 417 0.9952
175560 175142 418 0.9976
177239 176820 419 0.9953
177240 176820 420 0.9976
185751 185330 421 0.9768
185752 185330 422 0.9791
185753 185330 423 0.9815
185754 185330 424 0.9838
185755 185330 425 0.9861
185756 185330 426 0.9884
185757 185330 427 0.9907
185758 185330 428 0.9930
185759 185330 429 0.9954
185760 185330 430 0.9977
187487 187056 431 0.9954
187488 187056 432 0.9977
192715 192282 433 0.9863
192716 192282 434 0.9886
192717 192282 435 0.9909
192718 192282 436 0.9932
192719 192282 437 0.9954
192720 192282 438 0.9977
196245 195806 439 0.9910
196246 195806 440 0.9932
196247 195806 441 0.9955
196248 195806 442 0.9977
201595 201152 443 0.9867
201596 201152 444 0.9889
201597 201152 445 0.9911
201598 201152 446 0.9933
201599 201152 447 0.9956
201600 201152 448 0.9978
208841 208392 449 0.9825
208842 208392 450 0.9847
208843 208392 451 0.9869
208844 208392 452 0.9891
208845 208392 453 0.9913
208846 208392 454 0.9934
208847 208392 455 0.9956
208848 208392 456 0.9978
212517 212060 457 0.9913
212518 212060 458 0.9935
212519 212060 459 0.9957
212520 212060 460 0.9978
214367 213906 461 0.9957
214368 213906 462 0.9978
218085 217622 463 0.9914
218086 217622 464 0.9936
218087 217622 465 0.9957
218088 217622 466 0.9979
229429 228962 467 0.9750
229430 228962 468 0.9771
229431 228962 469 0.9791
229432 228962 470 0.9812
229433 228962 471 0.9833
229434 228962 472 0.9854
229435 228962 473 0.9875
229436 228962 474 0.9896
229437 228962 475 0.9917
229438 228962 476 0.9937
229439 228962 477 0.9958
229440 228962 478 0.9979
237161 236682 479 0.9836
237162 236682 480 0.9856
237163 236682 481 0.9877
237164 236682 482 0.9897
237165 236682 483 0.9918
237166 236682 484 0.9938
237167 236682 485 0.9959
237168 236682 486 0.9979
241077 240590 487 0.9919
241078 240590 488 0.9939
241079 240590 489 0.9959
241080 240590 490 0.9980
248993 248502 491 0.9840
248994 248502 492 0.9860
248995 248502 493 0.9880
248996 248502 494 0.9900
248997 248502 495 0.9920
248998 248502 496 0.9940
248999 248502 497 0.9960
249000 248502 498 0.9980
253005 252506 499 0.9921
253006 252506 500 0.9940
253007 252506 501 0.9960
253008 252506 502 0.9980
259075 258572 503 0.9882
259076 258572 504 0.9902
259077 258572 505 0.9921
259078 258572 506 0.9941
259079 258572 507 0.9961
259080 258572 508 0.9980
271429 270920 509 0.9770
271430 270920 510 0.9789
271431 270920 511 0.9808
271432 270920 512 0.9827
271433 270920 513 0.9847
271434 270920 514 0.9866
271435 270920 515 0.9885
271436 270920 516 0.9904
271437 270920 517 0.9923
271438 270920 518 0.9942
271439 270920 519 0.9962
271440 270920 520 0.9981
273527 273006 521 0.9962
273528 273006 522 0.9981
292663 292140 523 0.9668
292664 292140 524 0.9686
292665 292140 525 0.9705
292666 292140 526 0.9723
292667 292140 527 0.9741
292668 292140 528 0.9760
292669 292140 529 0.9778
292670 292140 530 0.9797
292671 292140 531 0.9815
292672 292140 532 0.9834
292673 292140 533 0.9852
292674 292140 534 0.9871
292675 292140 535 0.9889
292676 292140 536 0.9908
292677 292140 537 0.9926
292678 292140 538 0.9945
292679 292140 539 0.9963
292680 292140 540 0.9982
299203 298662 541 0.9890
299204 298662 542 0.9909
299205 298662 543 0.9927
299206 298662 544 0.9945
299207 298662 545 0.9963
299208 298662 546 0.9982
310239 309692 547 0.9821
310240 309692 548 0.9839
310241 309692 549 0.9857
310242 309692 550 0.9874
310243 309692 551 0.9892
310244 309692 552 0.9910
310245 309692 553 0.9928
310246 309692 554 0.9946
310247 309692 555 0.9964
310248 309692 556 0.9982
316963 316406 557 0.9894
316964 316406 558 0.9911
316965 316406 559 0.9929
316966 316406 560 0.9947
316967 316406 561 0.9965
316968 316406 562 0.9982
323755 323192 563 0.9895
323756 323192 564 0.9912
323757 323192 565 0.9930
323758 323192 566 0.9947
323759 323192 567 0.9965
323760 323192 568 0.9982
326039 325470 569 0.9965
326040 325470 570 0.9983
332923 332352 571 0.9896
332924 332352 572 0.9913
332925 332352 573 0.9931
332926 332352 574 0.9948
332927 332352 575 0.9965
332928 332352 576 0.9983
344559 343982 577 0.9830
344560 343982 578 0.9847
344561 343982 579 0.9864
344562 343982 580 0.9881
344563 343982 581 0.9898
344564 343982 582 0.9915
344565 343982 583 0.9932
344566 343982 584 0.9949
344567 343982 585 0.9966
344568 343982 586 0.9983
351643 351056 587 0.9899
351644 351056 588 0.9916
351645 351056 589 0.9933
351646 351056 590 0.9949
351647 351056 591 0.9966
351648 351056 592 0.9983
358795 358202 593 0.9900
358796 358202 594 0.9917
358797 358202 595 0.9933
358798 358202 596 0.9950
358799 358202 597 0.9967
358800 358202 598 0.9983
361199 360600 599 0.9967
361200 360600 600 0.9983
368443 367842 601 0.9901
368444 367842 602 0.9918
368445 367842 603 0.9934
368446 367842 604 0.9951
368447 367842 605 0.9967
368448 367842 606 0.9984
375763 375156 607 0.9902
375764 375156 608 0.9918
375765 375156 609 0.9935
375766 375156 610 0.9951
375767 375156 611 0.9967
375768 375156 612 0.9984
380685 380072 613 0.9935
380686 380072 614 0.9951
380687 380072 615 0.9968
380688 380072 616 0.9984
383159 382542 617 0.9968
383160 382542 618 0.9984
398149 397530 619 0.9810
398150 397530 620 0.9826
398151 397530 621 0.9842
398152 397530 622 0.9857
398153 397530 623 0.9873
398154 397530 624 0.9889
398155 397530 625 0.9905
398156 397530 626 0.9921
398157 397530 627 0.9937
398158 397530 628 0.9952
398159 397530 629 0.9968
398160 397530 630 0.9984
410871 410240 631 0.9844
410872 410240 632 0.9860
410873 410240 633 0.9875
410874 410240 634 0.9891
410875 410240 635 0.9906
410876 410240 636 0.9922
410877 410240 637 0.9938
410878 410240 638 0.9953
410879 410240 639 0.9969
410880 410240 640 0.9984
413447 412806 641 0.9969
413448 412806 642 0.9984
418605 417962 643 0.9938
418606 417962 644 0.9954
418607 417962 645 0.9969
418608 417962 646 0.9985
426403 425756 647 0.9908
426404 425756 648 0.9923
426405 425756 649 0.9939
426406 425756 650 0.9954
426407 425756 651 0.9969
426408 425756 652 0.9985
434275 433622 653 0.9909
434276 433622 654 0.9924
434277 433622 655 0.9939
434278 433622 656 0.9955
434279 433622 657 0.9970
434280 433622 658 0.9985
436919 436260 659 0.9970
436920 436260 660 0.9985
452917 452256 661 0.9822
452918 452256 662 0.9837
452919 452256 663 0.9852
452920 452256 664 0.9866
452921 452256 665 0.9881
452922 452256 666 0.9896
452923 452256 667 0.9911
452924 452256 668 0.9926
452925 452256 669 0.9941
452926 452256 670 0.9955
452927 452256 671 0.9970
452928 452256 672 0.9985
458325 457652 673 0.9941
458326 457652 674 0.9956
458327 457652 675 0.9970
458328 457652 676 0.9985
466483 465806 677 0.9912
466484 465806 678 0.9927
466485 465806 679 0.9941
466486 465806 680 0.9956
466487 465806 681 0.9971
466488 465806 682 0.9985
477473 476790 683 0.9884
477474 476790 684 0.9899
477475 476790 685 0.9913
477476 476790 686 0.9928
477477 476790 687 0.9942
477478 476790 688 0.9957
477479 476790 689 0.9971
477480 476790 690 0.9986
491391 490700 691 0.9857
491392 490700 692 0.9872
491393 490700 693 0.9886
491394 490700 694 0.9900
491395 490700 695 0.9914
491396 490700 696 0.9929
491397 490700 697 0.9943
491398 490700 698 0.9957
491399 490700 699 0.9971
491400 490700 700 0.9986
502673 501972 701 0.9887
502674 501972 702 0.9901
502675 501972 703 0.9915
502676 501972 704 0.9930
502677 501972 705 0.9944
502678 501972 706 0.9958
502679 501972 707 0.9972
502680 501972 708 0.9986
516951 516242 709 0.9861
516952 516242 710 0.9875
516953 516242 711 0.9889
516954 516242 712 0.9903
516955 516242 713 0.9917
516956 516242 714 0.9931
516957 516242 715 0.9944
516958 516242 716 0.9958
516959 516242 717 0.9972
516960 516242 718 0.9986
528521 527802 719 0.9890
528522 527802 720 0.9904
528523 527802 721 0.9918
528524 527802 722 0.9931
528525 527802 723 0.9945
528526 527802 724 0.9959
528527 527802 725 0.9973
528528 527802 726 0.9986
537283 536556 727 0.9918
537284 536556 728 0.9932
537285 536556 729 0.9945
537286 536556 730 0.9959
537287 536556 731 0.9973
537288 536556 732 0.9986
546115 545382 733 0.9919
546116 545382 734 0.9932
546117 545382 735 0.9946
546118 545382 736 0.9959
546119 545382 737 0.9973
546120 545382 738 0.9986
552045 551306 739 0.9946
552046 551306 740 0.9960
552047 551306 741 0.9973
552048 551306 742 0.9987
563993 563250 743 0.9894
563994 563250 744 0.9907
563995 563250 745 0.9920
563996 563250 746 0.9933
563997 563250 747 0.9947
563998 563250 748 0.9960
563999 563250 749 0.9973
564000 563250 750 0.9987
573043 572292 751 0.9921
573044 572292 752 0.9934
573045 572292 753 0.9947
573046 572292 754 0.9960
573047 572292 755 0.9974
573048 572292 756 0.9987
579117 578360 757 0.9947
579118 578360 758 0.9961
579119 578360 759 0.9974
579120 578360 760 0.9987
591353 590592 761 0.9896
591354 590592 762 0.9909
591355 590592 763 0.9922
591356 590592 764 0.9935
591357 590592 765 0.9948
591358 590592 766 0.9961
591359 590592 767 0.9974
591360 590592 768 0.9987
597525 596756 769 0.9948
597526 596756 770 0.9961
597527 596756 771 0.9974
597528 596756 772 0.9987
619355 618582 773 0.9822
619356 618582 774 0.9835
619357 618582 775 0.9848
619358 618582 776 0.9860
619359 618582 777 0.9873
619360 618582 778 0.9886
619361 618582 779 0.9898
619362 618582 780 0.9911
619363 618582 781 0.9924
619364 618582 782 0.9937
619365 618582 783 0.9949
619366 618582 784 0.9962
619367 618582 785 0.9975
619368 618582 786 0.9987
635199 634412 787 0.9875
635200 634412 788 0.9887
635201 634412 789 0.9900
635202 634412 790 0.9912
635203 634412 791 0.9925
635204 634412 792 0.9937
635205 634412 793 0.9950
635206 634412 794 0.9962
635207 634412 795 0.9975
635208 634412 796 0.9987
654469 653672 797 0.9852
654470 653672 798 0.9864
654471 653672 799 0.9876
654472 653672 800 0.9889
654473 653672 801 0.9901
654474 653672 802 0.9914
654475 653672 803 0.9926
654476 653672 804 0.9938
654477 653672 805 0.9951
654478 653672 806 0.9963
654479 653672 807 0.9975
654480 653672 808 0.9988
657719 656910 809 0.9975
657720 656910 810 0.9988
674031 673220 811 0.9878
674032 673220 812 0.9890
674033 673220 813 0.9903
674034 673220 814 0.9915
674035 673220 815 0.9927
674036 673220 816 0.9939
674037 673220 817 0.9951
674038 673220 818 0.9963
674039 673220 819 0.9976
674040 673220 820 0.9988
677327 676506 821 0.9976
677328 676506 822 0.9988
683925 683102 823 0.9952
683926 683102 824 0.9964
683927 683102 825 0.9976
683928 683102 826 0.9988
687239 686412 827 0.9976
687240 686412 828 0.9988
703911 703082 829 0.9881
703912 703082 830 0.9893
703913 703082 831 0.9905
703914 703082 832 0.9917
703915 703082 833 0.9929
703916 703082 834 0.9940
703917 703082 835 0.9952
703918 703082 836 0.9964
703919 703082 837 0.9976
703920 703082 838 0.9988
727595 726756 839 0.9836
727596 726756 840 0.9848
727597 726756 841 0.9859
727598 726756 842 0.9871
727599 726756 843 0.9883
727600 726756 844 0.9895
727601 726756 845 0.9906
727602 726756 846 0.9918
727603 726756 847 0.9930
727604 726756 848 0.9941
727605 726756 849 0.9953
727606 726756 850 0.9965
727607 726756 851 0.9977
727608 726756 852 0.9988
734445 733592 853 0.9953
734446 733592 854 0.9965
734447 733592 855 0.9977
734448 733592 856 0.9988
737879 737022 857 0.9977
737880 737022 858 0.9988
744765 743906 859 0.9954
744766 743906 860 0.9965
744767 743906 861 0.9977
744768 743906 862 0.9988
769115 768252 863 0.9840
769116 768252 864 0.9852
769117 768252 865 0.9863
769118 768252 866 0.9875
769119 768252 867 0.9886
769120 768252 868 0.9897
769121 768252 869 0.9909
769122 768252 870 0.9920
769123 768252 871 0.9932
769124 768252 872 0.9943
769125 768252 873 0.9954
769126 768252 874 0.9966
769127 768252 875 0.9977
769128 768252 876 0.9989
776157 775280 877 0.9955
776158 775280 878 0.9966
776159 775280 879 0.9977
776160 775280 880 0.9989
779687 778806 881 0.9977
779688 778806 882 0.9989
786765 785882 883 0.9955
786766 785882 884 0.9966
786767 785882 885 0.9977
786768 785882 886 0.9989
822629 821742 887 0.9780
822630 821742 888 0.9791
822631 821742 889 0.9802
822632 821742 890 0.9813
822633 821742 891 0.9824
822634 821742 892 0.9835
822635 821742 893 0.9846
822636 821742 894 0.9857
822637 821742 895 0.9868
822638 821742 896 0.9879
822639 821742 897 0.9890
822640 821742 898 0.9901
822641 821742 899 0.9912
822642 821742 900 0.9923
822643 821742 901 0.9934
822644 821742 902 0.9945
822645 821742 903 0.9956
822646 821742 904 0.9967
822647 821742 905 0.9978
822648 821742 906 0.9989
829917 829010 907 0.9956
829918 829010 908 0.9967
829919 829010 909 0.9978
829920 829010 910 0.9989
844553 843642 911 0.9913
844554 843642 912 0.9924
844555 843642 913 0.9935
844556 843642 914 0.9946
844557 843642 915 0.9956
844558 843642 916 0.9967
844559 843642 917 0.9978
844560 843642 918 0.9989
863031 862112 919 0.9892
863032 862112 920 0.9903
863033 862112 921 0.9914
863034 862112 922 0.9925
863035 862112 923 0.9935
863036 862112 924 0.9946
863037 862112 925 0.9957
863038 862112 926 0.9968
863039 862112 927 0.9978
863040 862112 928 0.9989
877961 877032 929 0.9915
877962 877032 930 0.9925
877963 877032 931 0.9936
877964 877032 932 0.9947
877965 877032 933 0.9957
877966 877032 934 0.9968
877967 877032 935 0.9979
877968 877032 936 0.9989
885477 884540 937 0.9958
885478 884540 938 0.9968
885479 884540 939 0.9979
885480 884540 940 0.9989
896803 895862 941 0.9937
896804 895862 942 0.9947
896805 895862 943 0.9958
896806 895862 944 0.9968
896807 895862 945 0.9979
896808 895862 946 0.9989
908203 907256 947 0.9937
908204 907256 948 0.9948
908205 907256 949 0.9958
908206 907256 950 0.9969
908207 907256 951 0.9979
908208 907256 952 0.9990
935075 934122 953 0.9855
935076 934122 954 0.9866
935077 934122 955 0.9876
935078 934122 956 0.9886
935079 934122 957 0.9897
935080 934122 958 0.9907
935081 934122 959 0.9917
935082 934122 960 0.9928
935083 934122 961 0.9938
935084 934122 962 0.9948
935085 934122 963 0.9959
935086 934122 964 0.9969
935087 934122 965 0.9979
935088 934122 966 0.9990
942837 941870 967 0.9959
942838 941870 968 0.9969
942839 941870 969 0.9979
942840 941870 970 0.9990
954523 953552 971 0.9939
954524 953552 972 0.9949
954525 953552 973 0.9959
954526 953552 974 0.9969
954527 953552 975 0.9980
954528 953552 976 0.9990
966283 965306 977 0.9939
966284 965306 978 0.9949
966285 965306 979 0.9959
966286 965306 980 0.9969
966287 965306 981 0.9980
966288 965306 982 0.9990
982073 981090 983 0.9919
982074 981090 984 0.9929
982075 981090 985 0.9939
982076 981090 986 0.9950
982077 981090 987 0.9960
982078 981090 988 0.9970
982079 981090 989 0.9980
982080 981090 990 0.9990
994003 993012 991 0.9940
994004 993012 992 0.9950
994005 993012 993 0.9960
994006 993012 994 0.9970
994007 993012 995 0.9980
994008 993012 996 0.9990
1018069 1017072 997 0.9881
1018070 1017072 998 0.9891
1018071 1017072 999 0.9901
1018072 1017072 1000 0.9911
1018073 1017072 1001 0.9921
1018074 1017072 1002 0.9931
1018075 1017072 1003 0.9941
1018076 1017072 1004 0.9950
1018077 1017072 1005 0.9960
1018078 1017072 1006 0.9970
1018079 1017072 1007 0.9980
1018080 1017072 1008 0.9990
1026165 1025156 1009 0.9961
1026166 1025156 1010 0.9970
1026167 1025156 1011 0.9980
1026168 1025156 1012 0.9990
1038355 1037342 1013 0.9941
1038356 1037342 1014 0.9951
1038357 1037342 1015 0.9961
1038358 1037342 1016 0.9971
1038359 1037342 1017 0.9980
1038360 1037342 1018 0.9990
1042439 1041420 1019 0.9980
1042440 1041420 1020 0.9990
1062951 1061930 1021 0.9903
1062952 1061930 1022 0.9913
1062953 1061930 1023 0.9922
1062954 1061930 1024 0.9932
1062955 1061930 1025 0.9942
1062956 1061930 1026 0.9952
1062957 1061930 1027 0.9961
1062958 1061930 1028 0.9971
1062959 1061930 1029 0.9981
1062960 1061930 1030 0.9990
1067087 1066056 1031 0.9981
1067088 1066056 1032 0.9990
1079515 1078482 1033 0.9942
1079516 1078482 1034 0.9952
1079517 1078482 1035 0.9962
1079518 1078482 1036 0.9971
1079519 1078482 1037 0.9981
1079520 1078482 1038 0.9990
1100391 1099352 1039 0.9905
1100392 1099352 1040 0.9914
1100393 1099352 1041 0.9924
1100394 1099352 1042 0.9933
1100395 1099352 1043 0.9943
1100396 1099352 1044 0.9952
1100397 1099352 1045 0.9962
1100398 1099352 1046 0.9971
1100399 1099352 1047 0.9981
1100400 1099352 1048 0.9990
1104599 1103550 1049 0.9981
1104600 1103550 1050 0.9990
1125711 1124660 1051 0.9906
1125712 1124660 1052 0.9915
1125713 1124660 1053 0.9925
1125714 1124660 1054 0.9934
1125715 1124660 1055 0.9943
1125716 1124660 1056 0.9953
1125717 1124660 1057 0.9962
1125718 1124660 1058 0.9972
1125719 1124660 1059 0.9981
1125720 1124660 1060 0.9991
1129967 1128906 1061 0.9981
1129968 1128906 1062 0.9991
1142755 1141692 1063 0.9944
1142756 1141692 1064 0.9953
1142757 1141692 1065 0.9963
1142758 1141692 1066 0.9972
1142759 1141692 1067 0.9981
1142760 1141692 1068 0.9991
1181551 1180482 1069 0.9834
1181552 1180482 1070 0.9844
1181553 1180482 1071 0.9853
1181554 1180482 1072 0.9862
1181555 1180482 1073 0.9871
1181556 1180482 1074 0.9880
1181557 1180482 1075 0.9890
1181558 1180482 1076 0.9899
1181559 1180482 1077 0.9908
1181560 1180482 1078 0.9917
1181561 1180482 1079 0.9926
1181562 1180482 1080 0.9936
1181563 1180482 1081 0.9945
1181564 1180482 1082 0.9954
1181565 1180482 1083 0.9963
1181566 1180482 1084 0.9972
1181567 1180482 1085 0.9982
1181568 1180482 1086 0.9991
1190277 1189190 1087 0.9963
1190278 1189190 1088 0.9973
1190279 1189190 1089 0.9982
1190280 1189190 1090 0.9991
1194647 1193556 1091 0.9982
1194648 1193556 1092 0.9991
1203405 1202312 1093 0.9964
1203406 1202312 1094 0.9973
1203407 1202312 1095 0.9982
1203408 1202312 1096 0.9991
1216603 1215506 1097 0.9946
1216604 1215506 1098 0.9955
1216605 1215506 1099 0.9964
1216606 1215506 1100 0.9973
1216607 1215506 1101 0.9982
1216608 1215506 1102 0.9991
1229875 1228772 1103 0.9946
1229876 1228772 1104 0.9955
1229877 1228772 1105 0.9964
1229878 1228772 1106 0.9973
1229879 1228772 1107 0.9982
1229880 1228772 1108 0.9991
1247681 1246572 1109 0.9928
1247682 1246572 1110 0.9937
1247683 1246572 1111 0.9946
1247684 1246572 1112 0.9955
1247685 1246572 1113 0.9964
1247686 1246572 1114 0.9973
1247687 1246572 1115 0.9982
1247688 1246572 1116 0.9991
1261123 1260006 1117 0.9947
1261124 1260006 1118 0.9955
1261125 1260006 1119 0.9964
1261126 1260006 1120 0.9973
1261127 1260006 1121 0.9982
1261128 1260006 1122 0.9991
1274635 1273512 1123 0.9947
1274636 1273512 1124 0.9956
1274637 1273512 1125 0.9965
1274638 1273512 1126 0.9973
1274639 1273512 1127 0.9982
1274640 1273512 1128 0.9991
1324779 1323650 1129 0.9809
1324780 1323650 1130 0.9818
1324781 1323650 1131 0.9826
1324782 1323650 1132 0.9835
1324783 1323650 1133 0.9844
1324784 1323650 1134 0.9852
1324785 1323650 1135 0.9861
1324786 1323650 1136 0.9870
1324787 1323650 1137 0.9878
1324788 1323650 1138 0.9887
1324789 1323650 1139 0.9896
1324790 1323650 1140 0.9904
1324791 1323650 1141 0.9913
1324792 1323650 1142 0.9922
1324793 1323650 1143 0.9931
1324794 1323650 1144 0.9939
1324795 1323650 1145 0.9948
1324796 1323650 1146 0.9957
1324797 1323650 1147 0.9965
1324798 1323650 1148 0.9974
1324799 1323650 1149 0.9983
1324800 1323650 1150 0.9991
1329407 1328256 1151 0.9983
1329408 1328256 1152 0.9991
1352559 1351406 1153 0.9914
1352560 1351406 1154 0.9923
1352561 1351406 1155 0.9931
1352562 1351406 1156 0.9940
1352563 1351406 1157 0.9948
1352564 1351406 1158 0.9957
1352565 1351406 1159 0.9966
1352566 1351406 1160 0.9974
1352567 1351406 1161 0.9983
1352568 1351406 1162 0.9991
1371233 1370070 1163 0.9932
1371234 1370070 1164 0.9940
1371235 1370070 1165 0.9949
1371236 1370070 1166 0.9957
1371237 1370070 1167 0.9966
1371238 1370070 1168 0.9974
1371239 1370070 1169 0.9983
1371240 1370070 1170 0.9991
1394751 1393580 1171 0.9915
1394752 1393580 1172 0.9924
1394753 1393580 1173 0.9932
1394754 1393580 1174 0.9941
1394755 1393580 1175 0.9949
1394756 1393580 1176 0.9958
1394757 1393580 1177 0.9966
1394758 1393580 1178 0.9975
1394759 1393580 1179 0.9983
1394760 1393580 1180 0.9992
1408963 1407782 1181 0.9949
1408964 1407782 1182 0.9958
1408965 1407782 1183 0.9966
1408966 1407782 1184 0.9975
1408967 1407782 1185 0.9983
1408968 1407782 1186 0.9992
1423243 1422056 1187 0.9950
1423244 1422056 1188 0.9958
1423245 1422056 1189 0.9966
1423246 1422056 1190 0.9975
1423247 1422056 1191 0.9983
1423248 1422056 1192 0.9992
1442393 1441200 1193 0.9933
1442394 1441200 1194 0.9942
1442395 1441200 1195 0.9950
1442396 1441200 1196 0.9958
1442397 1441200 1197 0.9967
1442398 1441200 1198 0.9975
1442399 1441200 1199 0.9983
1442400 1441200 1200 0.9992
1471357 1470156 1201 0.9901
1471358 1470156 1202 0.9909
1471359 1470156 1203 0.9918
1471360 1470156 1204 0.9926
1471361 1470156 1205 0.9934
1471362 1470156 1206 0.9942
1471363 1470156 1207 0.9951
1471364 1470156 1208 0.9959
1471365 1470156 1209 0.9967
1471366 1470156 1210 0.9975
1471367 1470156 1211 0.9984
1471368 1470156 1212 0.9992
1481085 1479872 1213 0.9967
1481086 1479872 1214 0.9975
1481087 1479872 1215 0.9984
1481088 1479872 1216 0.9992
1495723 1494506 1217 0.9951
1495724 1494506 1218 0.9959
1495725 1494506 1219 0.9967
1495726 1494506 1220 0.9975
1495727 1494506 1221 0.9984
1495728 1494506 1222 0.9992
1510435 1509212 1223 0.9951
1510436 1509212 1224 0.9959
1510437 1509212 1225 0.9967
1510438 1509212 1226 0.9976
1510439 1509212 1227 0.9984
1510440 1509212 1228 0.9992
1515359 1514130 1229 0.9984
1515360 1514130 1230 0.9992
1530163 1528932 1231 0.9952
1530164 1528932 1232 0.9960
1530165 1528932 1233 0.9968
1530166 1528932 1234 0.9976
1530167 1528932 1235 0.9984
1530168 1528932 1236 0.9992
1559989 1558752 1237 0.9904
1559990 1558752 1238 0.9912
1559991 1558752 1239 0.9920
1559992 1558752 1240 0.9928
1559993 1558752 1241 0.9936
1559994 1558752 1242 0.9944
1559995 1558752 1243 0.9952
1559996 1558752 1244 0.9960
1559997 1558752 1245 0.9968
1559998 1558752 1246 0.9976
1559999 1558752 1247 0.9984
1560000 1558752 1248 0.9992
1585071 1583822 1249 0.9921
1585072 1583822 1250 0.9929
1585073 1583822 1251 0.9936
1585074 1583822 1252 0.9944
1585075 1583822 1253 0.9952
1585076 1583822 1254 0.9960
1585077 1583822 1255 0.9968
1585078 1583822 1256 0.9976
1585079 1583822 1257 0.9984
1585080 1583822 1258 0.9992
1630711 1629452 1259 0.9859
1630712 1629452 1260 0.9867
1630713 1629452 1261 0.9875
1630714 1629452 1262 0.9883
1630715 1629452 1263 0.9890
1630716 1629452 1264 0.9898
1630717 1629452 1265 0.9906
1630718 1629452 1266 0.9914
1630719 1629452 1267 0.9922
1630720 1629452 1268 0.9930
1630721 1629452 1269 0.9937
1630722 1629452 1270 0.9945
1630723 1629452 1271 0.9953
1630724 1629452 1272 0.9961
1630725 1629452 1273 0.9969
1630726 1629452 1274 0.9977
1630727 1629452 1275 0.9984
1630728 1629452 1276 0.9992
1635839 1634562 1277 0.9984
1635840 1634562 1278 0.9992
1646085 1644806 1279 0.9969
1646086 1644806 1280 0.9977
1646087 1644806 1281 0.9984
1646088 1644806 1282 0.9992
1661515 1660232 1283 0.9953
1661516 1660232 1284 0.9961
1661517 1660232 1285 0.9969
1661518 1660232 1286 0.9977
1661519 1660232 1287 0.9984
1661520 1660232 1288 0.9992
1666679 1665390 1289 0.9985
1666680 1665390 1290 0.9992
1682203 1680912 1291 0.9954
1682204 1680912 1292 0.9961
1682205 1680912 1293 0.9969
1682206 1680912 1294 0.9977
1682207 1680912 1295 0.9985
1682208 1680912 1296 0.9992
1692597 1691300 1297 0.9969
1692598 1691300 1298 0.9977
1692599 1691300 1299 0.9985
1692600 1691300 1300 0.9992
1697807 1696506 1301 0.9985
1697808 1696506 1302 0.9992
1708245 1706942 1303 0.9969
1708246 1706942 1304 0.9977
1708247 1706942 1305 0.9985
1708248 1706942 1306 0.9992
1739749 1738442 1307 0.9909
1739750 1738442 1308 0.9917
1739751 1738442 1309 0.9924
1739752 1738442 1310 0.9932
1739753 1738442 1311 0.9939
1739754 1738442 1312 0.9947
1739755 1738442 1313 0.9955
1739756 1738442 1314 0.9962
1739757 1738442 1315 0.9970
1739758 1738442 1316 0.9977
1739759 1738442 1317 0.9985
1739760 1738442 1318 0.9992
1745039 1743720 1319 0.9985
1745040 1743720 1320 0.9992
1760923 1759602 1321 0.9955
1760924 1759602 1322 0.9962
1760925 1759602 1323 0.9970
1760926 1759602 1324 0.9977
1760927 1759602 1325 0.9985
1760928 1759602 1326 0.9992
1852287 1850960 1327 0.9750
1852288 1850960 1328 0.9758
1852289 1850960 1329 0.9765
1852290 1850960 1330 0.9772
1852291 1850960 1331 0.9780
1852292 1850960 1332 0.9787
1852293 1850960 1333 0.9794
1852294 1850960 1334 0.9802
1852295 1850960 1335 0.9809
1852296 1850960 1336 0.9816
1852297 1850960 1337 0.9824
1852298 1850960 1338 0.9831
1852299 1850960 1339 0.9838
1852300 1850960 1340 0.9846
1852301 1850960 1341 0.9853
1852302 1850960 1342 0.9860
1852303 1850960 1343 0.9868
1852304 1850960 1344 0.9875
1852305 1850960 1345 0.9882
1852306 1850960 1346 0.9890
1852307 1850960 1347 0.9897
1852308 1850960 1348 0.9905
1852309 1850960 1349 0.9912
1852310 1850960 1350 0.9919
1852311 1850960 1351 0.9927
1852312 1850960 1352 0.9934
1852313 1850960 1353 0.9941
1852314 1850960 1354 0.9949
1852315 1850960 1355 0.9956
1852316 1850960 1356 0.9963
1852317 1850960 1357 0.9971
1852318 1850960 1358 0.9978
1852319 1850960 1359 0.9985
1852320 1850960 1360 0.9993
1868683 1867322 1361 0.9956
1868684 1867322 1362 0.9963
1868685 1867322 1363 0.9971
1868686 1867322 1364 0.9978
1868687 1867322 1365 0.9985
1868688 1867322 1366 0.9993
1885123 1883756 1367 0.9956
1885124 1883756 1368 0.9964
1885125 1883756 1369 0.9971
1885126 1883756 1370 0.9978
1885127 1883756 1371 0.9985
1885128 1883756 1372 0.9993
1907153 1905780 1373 0.9942
1907154 1905780 1374 0.9949
1907155 1905780 1375 0.9957
1907156 1905780 1376 0.9964
1907157 1905780 1377 0.9971
1907158 1905780 1378 0.9978
1907159 1905780 1379 0.9986
1907160 1905780 1380 0.9993
1957183 1955802 1381 0.9871
1957184 1955802 1382 0.9879
1957185 1955802 1383 0.9886
1957186 1955802 1384 0.9893
1957187 1955802 1385 0.9900
1957188 1955802 1386 0.9907
1957189 1955802 1387 0.9914
1957190 1955802 1388 0.9921
1957191 1955802 1389 0.9929
1957192 1955802 1390 0.9936
1957193 1955802 1391 0.9943
1957194 1955802 1392 0.9950
1957195 1955802 1393 0.9957
1957196 1955802 1394 0.9964
1957197 1955802 1395 0.9971
1957198 1955802 1396 0.9979
1957199 1955802 1397 0.9986
1957200 1955802 1398 0.9993
1985271 1983872 1399 0.9929
1985272 1983872 1400 0.9936
1985273 1983872 1401 0.9943
1985274 1983872 1402 0.9950
1985275 1983872 1403 0.9957
1985276 1983872 1404 0.9965
1985277 1983872 1405 0.9972
1985278 1983872 1406 0.9979
1985279 1983872 1407 0.9986
1985280 1983872 1408 0.9993
# done N=2000000 records=1409 elapsed=1.1s
