401 30 12564825
402 30 12564825
403 30 12564825
404 30 12564825
405 30 12564825
406 30 12564825
407 30 12564825
408 30 12564825
409 30 12564825
410 30 12564825
411 30 12564825
412 30 12564825
413 30 12564825
414 30 12564825
415 30 12564825
416 30 12564825
417 30 12564825
418 30 12564825
419 30 12564825
420 30 12564825
421 30 12564825
422 30 12564825
423 30 12564825
424 30 12564825
425 30 12564825
426 30 12564825
427 30 12564825
428 30 12564825
429 30 12564825
430 30 12564825
431 30 12564825
432 30 12564825
433 30 12564825
434 30 12564825
435 30 12564825
436 30 12564825
437 30 12564825
438 30 12564825
439 30 12564825
440 30 12564825
441 30 12564825
442 30 12564825
443 30 12564825
444 30 12564825
445 30 12564825
446 30 12564825
447 30 12564825
448 30 12564825
449 30 12564825
450 30 12564825
451 30 12564825
452 30 12564825
453 30 12564825
454 30 12564825
455 30 12564825
456 32 55294100
457 32 55294100
458 32 55294100
459 32 55294100
460 32 55294100
461 32 55294100
462 32 55294100
463 32 55294100
464 32 55294100
465 32 55294100
466 32 55294100
467 32 55294100
468 32 55294100
469 32 55294100
470 32 55294100
471 31 55294101
472 31 55294101
473 31 55294101
474 31 55294101
475 31 55294101
476 31 55294101
477 31 55294101
478 31 55294101
479 31 55294101
480 31 55294101
481 31 55294101
482 31 55294101
483 31 55294101
484 31 55294101
485 31 55294101
486 31 55294101
487 31 55294101
488 31 55294101
489 31 55294101
490 31 55294101
491 31 55294101
492 31 55294101
493 31 55294101
494 33 599205
495 33 599205
496 33 599205
497 33 599205
498 33 599205
499 33 599205
500 33 599205
501 33 599205
502 33 599205
503 33 599205
504 33 599205
505 33 599205
506 33 599205
507 33 599205
508 33 599205
509 33 599205
510 33 599205
511 33 599205
512 33 599205
513 33 599205
514 33 599205
515 33 599205
516 33 599205
517 33 599205
518 33 599205
519 33 599205
520 33 599205
521 33 599205
522 33 599205
523 33 599205
524 33 599205
525 33 599205
526 33 599205
527 33 599205
528 33 599205
529 33 599205
530 33 599205
531 33 599205
532 33 599205
533 33 599205
534 33 599205
535 33 599205
536 33 599205
537 33 599205
538 33 599205
539 33 599205
540 33 599205
541 33 599205
542 33 599205
543 33 599205
544 33 599205
545 33 599205
546 33 599205
547 33 599205
548 33 599205
549 33 599205
550 33 599205
551 33 599205
552 33 599205
553 33 599205
554 33 599205
555 33 599205
556 33 599205
557 33 599205
558 33 599205
559 33 599205
560 33 599205
561 33 599205
562 33 599205
563 33 599205
564 33 599205
565 33 599205
566 33 599205
567 33 599205
568 33 599205
569 33 599205
570 33 599205
571 33 599205
572 33 599205
573 33 599205
574 33 599205
575 33 599205
576 33 599205
577 33 599205
578 33 599205
579 33 599205
580 33 599205
581 33 599205
582 33 599205
583 33 599205
584 33 599205
585 33 599205
586 33 599205
587 33 599205
588 33 599205
589 33 599205
590 33 599205
591 33 599205
592 33 599205
593 33 599205
594 33 599205
595 33 599205
596 33 599205
597 33 599205
598 33 599205
599 33 599205
600 33 599205
