# n h(n)=min h with gcd(2^n-1,...,h^n-1)=1 | P(n)=greatest prime p with p-1|n | h==P | gcd before last step
1 2 2 True -
2 3 3 True 3
3 3 2 False 7
4 5 5 True 5
5 3 2 False 31
6 7 7 True 7
7 3 2 False 127
8 5 5 True 5
9 3 2 False 511
10 11 11 True 11
11 5 2 False 23
12 13 13 True 13
13 3 2 False 8191
14 3 3 True 16383
15 3 2 False 32767
16 17 17 True 17
17 3 2 False 131071
18 19 19 True 19
19 3 2 False 524287
20 11 11 True 11
21 3 2 False 2097151
22 23 23 True 23
23 5 2 False 47
24 13 13 True 13
25 3 2 False 33554431
26 3 3 True 67108863
27 3 2 False 134217727
28 29 29 True 29
29 3 2 False 536870911
30 31 31 True 31
31 3 2 False 2147483647
32 17 17 True 17
33 5 2 False 23
34 3 3 True 17179869183
35 7 2 False 71
36 37 37 True 37
37 3 2 False 137438953471
38 3 3 True 274877906943
39 3 2 False 549755813887
40 41 41 True 41
41 3 2 False 2199023255551
42 43 43 True 43
43 5 2 False 431
44 23 23 True 23
45 3 2 False 35184372088831
46 47 47 True 47
47 3 2 False 140737488355327
48 17 17 True 17
49 3 2 False 562949953421311
50 11 11 True 11
51 3 2 False 2251799813685247
52 53 53 True 53
53 3 2 False 9007199254740991
54 19 19 True 19
55 5 2 False 23
56 29 29 True 29
57 3 2 False 144115188075855871
58 59 59 True 59
59 3 2 False 576460752303423487
60 61 61 True 61
61 3 2 False 2305843009213693951
62 3 3 True 4611686018427387903
63 3 2 False 9223372036854775807
64 17 17 True 17
65 3 2 False 36893488147419103231
66 67 67 True 67
67 3 2 False 147573952589676412927
68 5 5 True 5
69 5 2 False 47
70 71 71 True 71
71 3 2 False 2361183241434822606847
72 73 73 True 73
73 3 2 False 9444732965739290427391
74 3 3 True 18889465931478580854783
75 5 2 False 601
76 5 5 True 5
77 5 2 False 23
78 79 79 True 79
79 3 2 False 604462909807314587353087
80 41 41 True 41
81 3 2 False 2417851639229258349412351
82 83 83 True 83
83 5 2 False 167
84 43 43 True 43
85 3 2 False 38685626227668133590597631
86 5 3 False 431
87 3 2 False 154742504910672534362390527
88 89 89 True 89
89 3 2 False 618970019642690137449562111
90 31 31 True 31
91 3 2 False 2475880078570760549798248447
92 47 47 True 47
93 3 2 False 9903520314283042199192993791
94 3 3 True 19807040628566084398385987583
95 7 2 False 191
96 97 97 True 97
97 3 2 False 158456325028528675187087900671
98 3 3 True 316912650057057350374175801343
99 5 2 False 23
100 101 101 True 101
101 3 2 False 2535301200456458802993406410751
102 103 103 True 103
103 3 2 False 10141204801825835211973625643007
104 53 53 True 53
105 7 2 False 71
106 107 107 True 107
107 3 2 False 162259276829213363391578010288127
108 109 109 True 109
109 3 2 False 649037107316853453566312041152511
110 23 23 True 23
111 3 2 False 2596148429267413814265248164610047
112 113 113 True 113
113 3 2 False 10384593717069655257060992658440191
114 7 7 True 7
115 5 2 False 47
116 59 59 True 59
117 5 2 False 6553
118 3 3 True 332306998946228968225951765070086143
119 7 2 False 239
120 61 61 True 61
121 5 2 False 23
122 3 3 True 5316911983139663491615228241121378303
123 3 2 False 10633823966279326983230456482242756607
124 5 5 True 5
125 3 2 False 42535295865117307932921825928971026431
126 127 127 True 127
127 3 2 False 170141183460469231731687303715884105727
128 17 17 True 17
129 5 2 False 431
130 131 131 True 131
131 5 2 False 263
132 67 67 True 67
133 3 2 False 10889035741470030830827987437816582766591
134 3 3 True 21778071482940061661655974875633165533183
135 3 2 False 43556142965880123323311949751266331066367
136 137 137 True 137
137 3 2 False 174224571863520493293247799005065324265471
138 139 139 True 139
139 3 2 False 696898287454081973172991196020261297061887
140 71 71 True 71
141 3 2 False 2787593149816327892691964784081045188247551
142 3 3 True 5575186299632655785383929568162090376495103
143 5 2 False 23
144 73 73 True 73
145 3 2 False 44601490397061246283071436545296723011960831
146 5 3 False 439
147 3 2 False 178405961588244985132285746181186892047843327
148 149 149 True 149
149 3 2 False 713623846352979940529142984724747568191373311
150 151 151 True 151
151 3 2 False 2854495385411919762116571938898990272765493247
152 5 5 True 5
153 3 2 False 11417981541647679048466287755595961091061972991
154 23 23 True 23
155 11 2 False 311
156 157 157 True 157
157 3 2 False 182687704666362864775460604089535377456991567871
158 3 3 True 365375409332725729550921208179070754913983135743
159 3 2 False 730750818665451459101842416358141509827966271487
160 41 41 True 41
161 5 2 False 47
162 163 163 True 163
163 3 2 False 11692013098647223345629478661730264157247460343807
164 83 83 True 83
165 5 2 False 23
166 167 167 True 167
167 3 2 False 187072209578355573530071658587684226515959365500927
168 43 43 True 43
169 3 2 False 748288838313422294120286634350736906063837462003711
170 11 11 True 11
171 3 2 False 2993155353253689176481146537402947624255349848014847
172 173 173 True 173
173 3 2 False 11972621413014756705924586149611790497021399392059391
174 59 59 True 59
175 7 2 False 71
176 89 89 True 89
177 3 2 False 191561942608236107294793378393788647952342390272950271
178 179 179 True 179
179 7 2 False 359
180 181 181 True 181
181 3 2 False 3064991081731777716716694054300618367237478244367204351
182 3 3 True 6129982163463555433433388108601236734474956488734408703
183 3 2 False 12259964326927110866866776217202473468949912977468817407
184 47 47 True 47
185 3 2 False 49039857307708443467467104868809893875799651909875269631
186 7 7 True 7
187 5 2 False 23
188 5 5 True 5
189 3 2 False 784637716923335095479473677900958302012794430558004314111
190 191 191 True 191
191 5 2 False 383
192 193 193 True 193
193 3 2 False 12554203470773361527671578846415332832204710888928069025791
194 3 3 True 25108406941546723055343157692830665664409421777856138051583
195 3 2 False 50216813883093446110686315385661331328818843555712276103167
196 197 197 True 197
197 3 2 False 200867255532373784442745261542645325315275374222849104412671
198 199 199 True 199
199 3 2 False 803469022129495137770981046170581301261101496891396417650687
200 101 101 True 101
201 3 2 False 3213876088517980551083924184682325205044405987565585670602751
202 3 3 True 6427752177035961102167848369364650410088811975131171341205503
203 3 2 False 12855504354071922204335696738729300820177623950262342682411007
204 103 103 True 103
205 3 2 False 51422017416287688817342786954917203280710495801049370729644031
206 3 3 True 102844034832575377634685573909834406561420991602098741459288063
207 5 2 False 47
208 53 53 True 53
209 5 2 False 23
210 211 211 True 211
211 3 2 False 3291009114642412084309938365114701009965471731267159726697218047
212 107 107 True 107
213 3 2 False 13164036458569648337239753460458804039861886925068638906788872191
214 7 3 False 643
215 7 2 False 431
216 109 109 True 109
217 3 2 False 210624583337114373395836055367340864637790190801098222508621955071
218 3 3 True 421249166674228746791672110734681729275580381602196445017243910143
219 3 2 False 842498333348457493583344221469363458551160763204392890034487820287
220 23 23 True 23
221 3 2 False 3369993333393829974333376885877453834204643052817571560137951281151
222 223 223 True 223
223 3 2 False 13479973333575319897333507543509815336818572211270286240551805124607
224 113 113 True 113
225 5 2 False 601
226 227 227 True 227
227 3 2 False 215679573337205118357336120696157045389097155380324579848828881993727
228 229 229 True 229
229 3 2 False 862718293348820473429344482784628181556388621521298319395315527974911
230 47 47 True 47
231 5 2 False 23
232 233 233 True 233
233 3 2 False 13803492693581127574869511724554050904902217944340773110325048447598591
234 79 79 True 79
235 3 2 False 55213970774324510299478046898216203619608871777363092441300193790394367
236 5 5 True 5
237 3 2 False 220855883097298041197912187592864814478435487109452369765200775161577471
238 239 239 True 239
239 13 2 False 479
240 241 241 True 241
241 3 2 False 3533694129556768659166595001485837031654967793751237916243212402585239551
242 23 23 True 23
243 3 2 False 14134776518227074636666380005943348126619871175004951664972849610340958207
244 5 5 True 5
245 7 2 False 71
246 83 83 True 83
247 3 2 False 226156424291633194186662080095093570025917938800079226639565593765455331327
248 5 5 True 5
249 5 2 False 167
250 251 251 True 251
251 5 2 False 503
252 127 127 True 127
253 5 2 False 24863
254 3 3 True 28948022309329048855892746252171976963317496166410141009864396001978282409983
255 3 2 False 57896044618658097711785492504343953926634992332820282019728792003956564819967
256 257 257 True 257
257 3 2 False 231584178474632390847141970017375815706539969331281128078915168015826259279871
258 7 7 True 7
259 3 2 False 926336713898529563388567880069503262826159877325124512315660672063305037119487
260 131 131 True 131
261 3 2 False 3705346855594118253554271520278013051304639509300498049262642688253220148477951
262 263 263 True 263
263 3 2 False 14821387422376473014217086081112052205218558037201992197050570753012880593911807
264 89 89 True 89
265 3 2 False 59285549689505892056868344324448208820874232148807968788202283012051522375647231
266 3 3 True 118571099379011784113736688648896417641748464297615937576404566024103044751294463
267 3 2 False 237142198758023568227473377297792835283496928595231875152809132048206089502588927
268 269 269 True 269
269 3 2 False 948568795032094272909893509191171341133987714380927500611236528192824358010355711
270 271 271 True 271
271 3 2 False 3794275180128377091639574036764685364535950857523710002444946112771297432041422847
272 137 137 True 137
273 3 2 False 15177100720513508366558296147058741458143803430094840009779784451085189728165691391
274 3 3 True 30354201441027016733116592294117482916287606860189680019559568902170379456331382783
275 5 2 False 23
276 277 277 True 277
277 3 2 False 242833611528216133864932738352939863330300854881517440156476551217363035650651062271
278 3 3 True 485667223056432267729865476705879726660601709763034880312953102434726071301302124543
279 3 2 False 971334446112864535459730953411759453321203419526069760625906204869452142602604249087
280 281 281 True 281
281 3 2 False 3885337784451458141838923813647037813284813678104279042503624819477808570410416996351
282 283 283 True 283
283 3 2 False 15541351137805832567355695254588151253139254712417116170014499277911234281641667985407
284 5 5 True 5
285 7 2 False 191
286 23 23 True 23
287 3 2 False 248661618204893321077691124073410420050228075398673858720231988446579748506266687766527
288 97 97 True 97
289 3 2 False 994646472819573284310764496293641680200912301594695434880927953786318994025066751066111
290 59 59 True 59
291 3 2 False 3978585891278293137243057985174566720803649206378781739523711815145275976100267004264447
292 293 293 True 293
293 3 2 False 15914343565113172548972231940698266883214596825515126958094847260581103904401068017057791
294 43 43 True 43
295 3 2 False 63657374260452690195888927762793067532858387302060507832379389042324415617604272068231167
296 149 149 True 149
297 5 2 False 23
298 3 3 True 509258994083621521567111422102344540262867098416484062659035112338595324940834176545849343
299 7 2 False 599
300 151 151 True 151
301 5 2 False 431
302 3 3 True 8148143905337944345073782753637512644205873574663745002544561797417525199053346824733589503
303 3 2 False 16296287810675888690147565507275025288411747149327490005089123594835050398106693649467179007
304 17 17 True 17
305 3 2 False 65185151242703554760590262029100101153646988597309960020356494379340201592426774597868716031
306 307 307 True 307
307 3 2 False 260740604970814219042361048116400404614587954389239840081425977517360806369707098391474864127
308 29 29 True 29
309 3 2 False 1042962419883256876169444192465601618458351817556959360325703910069443225478828393565899456511
310 311 311 True 311
311 3 2 False 4171849679533027504677776769862406473833407270227837441302815640277772901915313574263597826047
312 313 313 True 313
313 3 2 False 16687398718132110018711107079449625895333629080911349765211262561111091607661254297054391304191
314 3 3 True 33374797436264220037422214158899251790667258161822699530422525122222183215322508594108782608383
315 7 2 False 71
316 317 317 True 317
317 3 2 False 266998379490113760299377713271194014325338065294581596243380200977777465722580068752870260867071
318 107 107 True 107
319 5 2 False 23
320 41 41 True 41
321 3 2 False 4271974071841820164790043412339104229205409044713305539894083215644439451561281100045924173873151
322 47 47 True 47
323 5 2 False 647
324 163 163 True 163
325 3 2 False 68351585149469122636640694597425667667286544715412888638305331450311031224980497600734786781970431
326 3 3 True 136703170298938245273281389194851335334573089430825777276610662900622062449960995201469573563940863
327 3 2 False 273406340597876490546562778389702670669146178861651554553221325801244124899921990402939147127881727
328 83 83 True 83
329 3 2 False 1093625362391505962186251113558810682676584715446606218212885303204976499599687961611756588511526911
330 331 331 True 331
331 3 2 False 4374501449566023848745004454235242730706338861786424872851541212819905998398751846447026354046107647
332 167 167 True 167
333 3 2 False 17498005798264095394980017816940970922825355447145699491406164851279623993595007385788105416184430591
334 3 3 True 34996011596528190789960035633881941845650710894291398982812329702559247987190014771576210832368861183
335 3 2 False 69992023193056381579920071267763883691301421788582797965624659405118495974380029543152421664737722367
336 337 337 True 337
337 3 2 False 279968092772225526319680285071055534765205687154331191862498637620473983897520118172609686658950889471
338 5 3 False 4057
339 3 2 False 1119872371088902105278721140284222139060822748617324767449994550481895935590080472690438746635803557887
340 11 11 True 11
341 5 2 False 23
342 19 19 True 361
343 3 2 False 17917957937422433684459538244547554224973163977877196279199912807710334969441287563047019946172856926207
344 173 173 True 173
345 5 2 False 47
346 347 347 True 347
347 3 2 False 286687326998758938951352611912760867599570623646035140467198604923365359511060601008752319138765710819327
348 349 349 True 349
349 3 2 False 1146749307995035755805410447651043470398282494584140561868794419693461438044242404035009276555062843277311
350 71 71 True 71
351 5 2 False 6553
352 353 353 True 353
353 3 2 False 18347988927920572092886567162416695526372519913346248989900710715095383008707878464560148424881005492436991
354 7 7 True 7
355 3 2 False 73391955711682288371546268649666782105490079653384995959602842860381532034831513858240593699524021969747967
356 179 179 True 179
357 7 2 False 239
358 359 359 True 359
359 11 2 False 719
360 181 181 True 181
361 3 2 False 4697085165547666455778961193578674054751365097816639741414581943064418050229216886927397996769537406063869951
362 3 3 True 9394170331095332911557922387157348109502730195633279482829163886128836100458433773854795993539074812127739903
363 5 2 False 23
364 53 53 True 53
365 3 2 False 75153362648762663292463379097258784876021841565066235862633311089030688803667470190838367948312598497021919231
366 367 367 True 367
367 3 2 False 300613450595050653169853516389035139504087366260264943450533244356122755214669880763353471793250393988087676927
368 47 47 True 47
369 3 2 False 1202453802380202612679414065556140558016349465041059773802132977424491020858679523053413887173001575952350707711
370 11 11 True 11
371 5 2 False 743
372 373 373 True 373
373 3 2 False 19239260838083241802870625048898248928261591440656956380834127638791856333738872368854622194768025215237611323391
374 23 23 True 23
375 5 2 False 601
376 5 5 True 22565
377 3 2 False 307828173409331868845930000782371982852185463050511302093346042220669701339821957901673955116288403443801781174271
378 379 379 True 379
379 3 2 False 1231312693637327475383720003129487931408741852202045208373384168882678805359287831606695820465153613775207124697087
380 191 191 True 191
381 3 2 False 4925250774549309901534880012517951725634967408808180833493536675530715221437151326426783281860614455100828498788351
382 383 383 True 383
383 3 2 False 19701003098197239606139520050071806902539869635232723333974146702122860885748605305707133127442457820403313995153407
384 193 193 True 193
385 7 2 False 71
386 5 3 False 6563
387 5 2 False 431
388 389 389 True 389
389 3 2 False 1260864198284623334792929283204595641762551656654894293374345388935863096687910739565256520156317300505812095689818111
390 131 131 True 131
391 5 2 False 47
392 197 197 True 197
393 5 2 False 263
394 3 3 True 40347654345107946713373737062547060536401653012956617387979052445947619094013143666088208645002153616185987062074179583
395 3 2 False 80695308690215893426747474125094121072803306025913234775958104891895238188026287332176417290004307232371974124148359167
396 397 397 True 397
397 3 2 False 322781234760863573706989896500376484291213224103652939103832419567580952752105149328705669160017228929487896496593436671
398 3 3 True 645562469521727147413979793000752968582426448207305878207664839135161905504210298657411338320034457858975792993186873343
399 3 2 False 1291124939043454294827959586001505937164852896414611756415329678270323811008420597314822676640068915717951585986373746687
400 401 401 True 401
401 3 2 False 5164499756173817179311838344006023748659411585658447025661318713081295244033682389259290706560275662871806343945494986751
402 7 7 True 7
403 3 2 False 20657999024695268717247353376024094994637646342633788102645274852325180976134729557037162826241102651487225375781979947007
404 5 5 True 5
405 3 2 False 82631996098781074868989413504096379978550585370535152410581099409300723904538918228148651304964410605948901503127919788031
406 59 59 True 59
407 5 2 False 23
408 409 409 True 409
409 3 2 False 1322111937580497197903830616065542079656809365928562438569297590548811582472622691650378420879430569695182424050046716608511
410 83 83 True 83
411 3 2 False 5288447750321988791615322464262168318627237463714249754277190362195246329890490766601513683517722278780729696200186866434047
412 5 5 True 5
413 3 2 False 21153791001287955166461289857048673274508949854856999017108761448780985319561963066406054734070889115122918784800747465736191
414 139 139 True 139
415 5 2 False 167
416 53 53 True 53
417 3 2 False 338460656020607282663380637712778772392143197677711984273740183180495765112991409062496875745134225841966700556811959451779071
418 419 419 True 419
419 11 2 False 839
420 421 421 True 421
421 3 2 False 5415370496329716522614090203404460358274291162843391748379842930887932241807862544999950011922147613471467208908991351228465151
422 3 3 True 10830740992659433045228180406808920716548582325686783496759685861775864483615725089999900023844295226942934417817982702456930303
423 3 2 False 21661481985318866090456360813617841433097164651373566993519371723551728967231450179999800047688590453885868835635965404913860607
424 107 107 True 107
425 3 2 False 86645927941275464361825443254471365732388658605494267974077486894206915868925800719999200190754361815543475342543861619655442431
426 7 7 True 7
427 3 2 False 346583711765101857447301773017885462929554634421977071896309947576827663475703202879996800763017447262173901370175446478621769727
428 7 5 False 643
429 5 2 False 23
430 431 431 True 431
431 5 2 False 863
432 433 433 True 433
433 3 2 False 22181357552966518876627313473144669627491496603006532601363836644916970462445004984319795248833116624779129687691228574631793262591
434 3 3 True 44362715105933037753254626946289339254982993206013065202727673289833940924890009968639590497666233249558259375382457149263586525183
435 3 2 False 88725430211866075506509253892578678509965986412026130405455346579667881849780019937279180995332466499116518750764914298527173050367
436 5 5 True 5
437 5 2 False 47
438 439 439 True 439
439 3 2 False 1419606883389857208104148062281258856159455782592418086487285545274686109596480318996466895925319463985864300012238628776434768805887
440 89 89 True 89
441 3 2 False 5678427533559428832416592249125035424637823130369672345949142181098744438385921275985867583701277855943457200048954515105739075223551
442 443 443 True 443
443 5 2 False 887
444 223 223 True 223
445 3 2 False 90854840536950861318665475986000566794205170085914757535186274897579911014174740415773881339220445695095315200783272241691825203576831
446 3 3 True 181709681073901722637330951972001133588410340171829515070372549795159822028349480831547762678440891390190630401566544483383650407153663
447 3 2 False 363419362147803445274661903944002267176820680343659030140745099590319644056698961663095525356881782780381260803133088966767300814307327
448 449 449 True 449
449 3 2 False 1453677448591213781098647615776009068707282721374636120562980398361278576226795846652382101427527131121525043212532355867069203257229311
450 151 151 True 151
451 5 2 False 23
452 227 227 True 227
453 3 2 False 23258839177459420497578361852416145099316523541994177929007686373780457219628733546438113622840434097944400691400517693873107252115668991
454 3 3 True 46517678354918840995156723704832290198633047083988355858015372747560914439257467092876227245680868195888801382801035387746214504231337983
455 7 2 False 64681
456 457 457 True 457
457 3 2 False 372141426839350727961253789638658321589064376671906846864122981980487315514059736743009817965446945567110411062408283101969716033850703871
458 3 3 True 744282853678701455922507579277316643178128753343813693728245963960974631028119473486019635930893891134220822124816566203939432067701407743
459 3 2 False 1488565707357402911845015158554633286356257506687627387456491927921949262056238946972039271861787782268441644249633132407878864135402815487
460 461 461 True 461
461 3 2 False 5954262829429611647380060634218533145425030026750509549825967711687797048224955787888157087447151129073766576998532529631515456541611261951
462 463 463 True 463
463 5 2 False 11113
464 233 233 True 233
465 11 2 False 311
466 467 467 True 467
467 3 2 False 381072821083495145432323880589986121307201921712032611188861933548019011086397170424842053596617672260721060927906081896416989218663120764927
468 157 157 True 157
469 3 2 False 1524291284333980581729295522359944485228807686848130444755447734192076044345588681699368214386470689042884243711624327585667956874652483059711
470 11 11 True 11
471 3 2 False 6097165137335922326917182089439777940915230747392521779021790936768304177382354726797472857545882756171536974846497310342671827498609932238847
472 5 5 True 5
473 5 2 False 9913
474 7 7 True 7
475 7 2 False 191
476 239 239 True 239
477 3 2 False 390218568789499028922699653724145788218574767833121393857394619953171467352470702515038262882936496394978366390175827861930996959911035663286271
478 479 479 True 479
479 3 2 False 1560874275157996115690798614896583152874299071332485575429578479812685869409882810060153051531745985579913465560703311447723987839644142653145087
480 241 241 True 241
481 3 2 False 6243497100631984462763194459586332611497196285329942301718313919250743477639531240240612206126983942319653862242813245790895951358576570612580351
482 3 3 True 12486994201263968925526388919172665222994392570659884603436627838501486955279062480481224412253967884639307724485626491581791902717153141225160703
483 5 2 False 47
484 23 23 True 23
485 3 2 False 99895953610111751404211111353381321783955140565279076827493022708011895642232499843849795298031743077114461795885011932654335221737225129801285631
486 487 487 True 487
487 3 2 False 399583814440447005616844445413525287135820562261116307309972090832047582568929999375399181192126972308457847183540047730617340886948900519205142527
488 5 5 True 5
489 3 2 False 1598335257761788022467377781654101148543282249044465229239888363328190330275719997501596724768507889233831388734160190922469363547795602076820570111
490 491 491 True 491
491 5 2 False 983
492 83 83 True 83
493 3 2 False 25573364124188608359478044506465618376692515984711443667838213813251045284411519960025547596296126227741302219746563054759509816764729633229129121791
494 3 3 True 51146728248377216718956089012931236753385031969422887335676427626502090568823039920051095192592252455482604439493126109519019633529459266458258243583
495 5 2 False 23
496 17 17 True 17
497 3 2 False 409173825987017733751648712103449894027080255755383098685411421012016724550584319360408761540738019643860835515945008876152157068235674131666065948671
498 499 499 True 499
499 3 2 False 1636695303948070935006594848413799576108321023021532394741645684048066898202337277441635046162952078575443342063780035504608628272942696526664263794687
500 251 251 True 251
501 3 2 False 6546781215792283740026379393655198304433284092086129578966582736192267592809349109766540184651808314301773368255120142018434513091770786106657055178751
502 503 503 True 503
503 3 2 False 26187124863169134960105517574620793217733136368344518315866330944769070371237396439066160738607233257207093473020480568073738052367083144426628220715007
504 127 127 True 127
505 3 2 False 104748499452676539840422070298483172870932545473378073263465323779076281484949585756264642954428933028828373892081922272294952209468332577706512882860031
506 47 47 True 47
507 3 2 False 418993997810706159361688281193932691483730181893512293053861295116305125939798343025058571817715732115313495568327689089179808837873330310826051531440127
508 509 509 True 509
509 3 2 False 1675975991242824637446753124775730765934920727574049172215445180465220503759193372100234287270862928461253982273310756356719235351493321243304206125760511
510 103 103 True 103
511 3 2 False 6703903964971298549787012499102923063739682910296196688861780721860882015036773488400937149083451713845015929093243025426876941405973284973216824503042047
512 257 257 True 257
513 3 2 False 26815615859885194199148049996411692254958731641184786755447122887443528060147093953603748596333806855380063716372972101707507765623893139892867298012168191
514 3 3 True 53631231719770388398296099992823384509917463282369573510894245774887056120294187907207497192667613710760127432745944203415015531247786279785734596024336383
515 7 2 False 1031
516 173 173 True 173
517 5 2 False 23
518 3 3 True 858099707516326214372737599885174152158679412517913176174307932398192897924707006515319955082681819372162038923935107254640248499964580476571753536389382143
519 3 2 False 1716199415032652428745475199770348304317358825035826352348615864796385795849414013030639910165363638744324077847870214509280496999929160953143507072778764287
520 521 521 True 521
521 3 2 False 6864797660130609714981900799081393217269435300143305409394463459185543183397656052122559640661454554977296311391480858037121987999716643812574028291115057151
522 523 523 True 523
523 3 2 False 27459190640522438859927603196325572869077741200573221637577853836742172733590624208490238562645818219909185245565923432148487951998866575250296113164460228607
524 263 263 True 263
525 7 2 False 71
526 3 3 True 219673525124179510879420825570604582952621929604585773100622830693937381868724993667921908501166545759273481964527387457187903615990932602002368905315681828863
527 3 2 False 439347050248359021758841651141209165905243859209171546201245661387874763737449987335843817002333091518546963929054774914375807231981865204004737810631363657727
528 89 89 True 89
529 5 2 False 47
530 107 107 True 107
531 3 2 False 7029552803973744348141466418259346654483901747346744739219930582205996219799199797373501072037329464296751422864876398630012915711709843264075804970101818523647
532 29 29 True 29
533 3 2 False 28118211215894977392565865673037386617935606989386978956879722328823984879196799189494004288149317857187005691459505594520051662846839373056303219880407274094591
534 179 179 True 179
535 3 2 False 112472844863579909570263462692149546471742427957547915827518889315295939516787196757976017152597271428748022765838022378080206651387357492225212879521629096378367
536 269 269 True 269
537 7 2 False 359
538 3 3 True 899782758908639276562107701537196371773939423660383326620151114522367516134297574063808137220778171429984182126704179024641653211098859937801703036173032771026943
539 5 2 False 23
540 541 541 True 541
541 3 2 False 7198262071269114212496861612297570974191515389283066612961208916178940129074380592510465097766225371439873457013633432197133225688790879502413624289384262168215551
542 3 3 True 14396524142538228424993723224595141948383030778566133225922417832357880258148761185020930195532450742879746914027266864394266451377581759004827248578768524336431103
543 3 2 False 28793048285076456849987446449190283896766061557132266451844835664715760516297522370041860391064901485759493828054533728788532902755163518009654497157537048672862207
544 137 137 True 137
545 3 2 False 115172193140305827399949785796761135587064246228529065807379342658863042065190089480167441564259605943037975312218134915154131611020654072038617988630148194691448831
546 547 547 True 547
547 3 2 False 460688772561223309599799143187044542348256984914116263229517370635452168260760357920669766257038423772151901248872539660616526444082616288154471954520592778765795327
548 5 5 True 5
549 3 2 False 1842755090244893238399196572748178169393027939656465052918069482541808673043041431682679065028153695088607604995490158642466105776330465152617887818082371115063181311
550 23 23 True 23
551 5 2 False 1103
552 277 277 True 277
553 3 2 False 29484081443918291814387145163970850710288447034503440846689111720668938768688662906922865040450459121417721679927842538279457692421287442441886205089317937841010900991
554 3 3 True 58968162887836583628774290327941701420576894069006881693378223441337877537377325813845730080900918242835443359855685076558915384842574884883772410178635875682021801983
555 3 2 False 117936325775673167257548580655883402841153788138013763386756446882675755074754651627691460161801836485670886719711370153117830769685149769767544820357271751364043603967
556 557 557 True 557
557 3 2 False 471745303102692669030194322623533611364615152552055053547025787530703020299018606510765840647207345942683546878845480612471323078740599079070179281429087005456174415871
558 19 19 True 19
559 5 2 False 431
560 281 281 True 281
561 5 2 False 23
562 563 563 True 563
563 3 2 False 30191699398572330817932436647906151127335369763331523427009650401964993299137190816689013801421270140331747000246110759198164677039398341060491474011461568349195162615807
564 283 283 True 283
565 3 2 False 120766797594289323271729746591624604509341479053326093708038601607859973196548763266756055205685080561326988000984443036792658708157593364241965896045846273396780650463231
566 3 3 True 241533595188578646543459493183249209018682958106652187416077203215719946393097526533512110411370161122653976001968886073585317416315186728483931792091692546793561300926463
567 3 2 False 483067190377157293086918986366498418037365916213304374832154406431439892786195053067024220822740322245307952003937772147170634832630373456967863584183385093587122601852927
568 569 569 True 569
569 3 2 False 1932268761508629172347675945465993672149463664853217499328617625725759571144780212268096883290961288981231808015751088588682539330521493827871454336733540374348490407411711
570 571 571 True 571
571 3 2 False 7729075046034516689390703781863974688597854659412869997314470502903038284579120849072387533163845155924927232063004354354730157322085975311485817346934161497393961629646847
572 53 53 True 53
573 5 2 False 383
574 83 83 True 83
575 13 2 False 1151
576 577 577 True 577
577 3 2 False 494660802946209068121005042039294380070262698202423679828126112185794450213063734340632802122486089979195342852032278678702730068613502419935092310203786335833213544297398271
578 3 3 True 989321605892418136242010084078588760140525396404847359656252224371588900426127468681265604244972179958390685704064557357405460137227004839870184620407572671666427088594796543
579 3 2 False 1978643211784836272484020168157177520281050792809694719312504448743177800852254937362531208489944359916781371408129114714810920274454009679740369240815145343332854177189593087
580 59 59 True 59
581 5 2 False 167
582 7 7 True 7
583 5 2 False 23
584 293 293 True 293
585 5 2 False 6553
586 587 587 True 587
587 3 2 False 506532662216918085755909163048237445191949002959281848144001138878253517018177263964807989373425756138696031080481053366991595590260226478013534525648677207893210669360535830527
588 197 197 True 197
589 3 2 False 2026130648867672343023636652192949780767796011837127392576004555513014068072709055859231957493703024554784124321924213467966382361040905912054138102594708831572842677442143322111
590 11 11 True 11
591 3 2 False 8104522595470689372094546608771799123071184047348509570304018222052056272290836223436927829974812098219136497287696853871865529444163623648216552410378835326291370709768573288447
592 593 593 True 593
593 3 2 False 32418090381882757488378186435087196492284736189394038281216072888208225089163344893747711319899248392876545989150787415487462117776654494592866209641515341305165482839074293153791
594 199 199 True 199
595 7 2 False 16969
596 5 5 True 5
597 3 2 False 518689446110124119814050982961395143876555779030304612499457166211331601426613518299963381118387974286024735826412598647799393884426471913485859354264245460882647725425188690460671
598 599 599 True 599
599 3 2 False 2074757784440496479256203931845580575506223116121218449997828664845326405706454073199853524473551897144098943305650394591197575537705887653943437417056981843530590901700754761842687
600 601 601 True 601
601 3 2 False 8299031137761985917024815727382322302024892464484873799991314659381305622825816292799414097894207588576395773222601578364790302150823550615773749668227927374122363606803019047370751
602 5 3 False 431
603 3 2 False 33196124551047943668099262909529289208099569857939495199965258637525222491303265171197656391576830354305583092890406313459161208603294202463094998672911709496489454427212076189483007
604 5 5 True 5
605 5 2 False 23
606 607 607 True 607
607 3 2 False 531137992816767098689588206552468627329593117727031923199444138200403559860852242739162502265229285668889329486246501015346579337652707239409519978766587351943831270835393219031728127
608 17 17 True 17
609 3 2 False 2124551971267068394758352826209874509318372470908127692797776552801614239443408970956650009060917142675557317944986004061386317350610828957638079915066349407775325083341572876126912511
610 11 11 True 11
611 5 2 False 1223
612 613 613 True 613
613 3 2 False 33992831540273094316133645219357992149093959534530043084764424844825827831094543535306400144974674282808917087119776064982181077609773263322209278641061590524405201333465166018030600191
614 3 3 True 67985663080546188632267290438715984298187919069060086169528849689651655662189087070612800289949348565617834174239552129964362155219546526644418557282123181048810402666930332036061200383
615 3 2 False 135971326161092377264534580877431968596375838138120172339057699379303311324378174141225600579898697131235668348479104259928724310439093053288837114564246362097620805333860664072122400767
616 617 617 True 617
617 3 2 False 543885304644369509058138323509727874385503352552480689356230797517213245297512696564902402319594788524942673393916417039714897241756372213155348458256985448390483221335442656288489603071
618 619 619 True 619
619 3 2 False 2175541218577478036232553294038911497542013410209922757424923190068852981190050786259609609278379154099770693575665668158859588967025488852621393833027941793561932885341770625153958412287
620 311 311 True 311
621 5 2 False 47
622 3 3 True 17404329748619824289860426352311291980336107281679382059399385520550823849520406290076876874227033232798165548605325345270876711736203910820971150664223534348495463082734165001231667298303
623 3 2 False 34808659497239648579720852704622583960672214563358764118798771041101647699040812580153753748454066465596331097210650690541753423472407821641942301328447068696990926165468330002463334596607
624 313 313 True 313
625 3 2 False 139234637988958594318883410818490335842688858253435056475195084164406590796163250320615014993816265862385324388842602762167013693889631286567769205313788274787963704661873320009853338386431
626 3 3 True 278469275977917188637766821636980671685377716506870112950390168328813181592326500641230029987632531724770648777685205524334027387779262573135538410627576549575927409323746640019706676772863
627 5 2 False 23
628 5 5 True 5
629 3 2 False 2227754207823337509102134573095845373483021732054960903603121346630505452738612005129840239901060253798165190221481644194672219102234100585084307285020612396607419274589973120157653414182911
630 631 631 True 631
631 3 2 False 8911016831293350036408538292383381493932086928219843614412485386522021810954448020519360959604241015192660760885926576778688876408936402340337229140082449586429677098359892480630613656731647
632 317 317 True 317
633 3 2 False 35644067325173400145634153169533525975728347712879374457649941546088087243817792082077443838416964060770643043543706307114755505635745609361348916560329798345718708393439569922522454626926591
634 3 3 True 71288134650346800291268306339067051951456695425758748915299883092176174487635584164154887676833928121541286087087412614229511011271491218722697833120659596691437416786879139845044909253853183
635 3 2 False 142576269300693600582536612678134103902913390851517497830599766184352348975271168328309775353667856243082572174174825228459022022542982437445395666241319193382874833573758279690089818507706367
636 107 107 True 107
637 3 2 False 570305077202774402330146450712536415611653563406069991322399064737409395901084673313239101414671424972330288696699300913836088090171929749781582664965276773531499334295033118760359274030825471
638 59 59 True 59
639 3 2 False 2281220308811097609320585802850145662446614253624279965289596258949637583604338693252956405658685699889321154786797203655344352360687718999126330659861107094125997337180132475041437096123301887
640 641 641 True 641
641 3 2 False 9124881235244390437282343211400582649786457014497119861158385035798550334417354773011825622634742799557284619147188814621377409442750875996505322639444428376503989348720529900165748384493207551
642 643 643 True 643
643 3 2 False 36499524940977561749129372845602330599145828057988479444633540143194201337669419092047302490538971198229138476588755258485509637771003503986021290557777713506015957394882119600662993537972830207
644 47 47 True 47
645 7 2 False 431
646 647 647 True 647
647 3 2 False 583992399055640987986069965529637289586333248927815671114136642291107221402710705472756839848623539171666215625420084135768154204336056063776340648924443416096255318318113913610607896607565283327
648 163 163 True 163
649 5 2 False 23
650 131 131 True 131
651 3 2 False 9343878384890255807777119448474196633381331982845050737826186276657715542443371287564109437577976626746659450006721346172290467269376897020421450382791094657540085093089822617769726345721044533247
652 653 653 True 653
653 3 2 False 37375513539561023231108477793896786533525327931380202951304745106630862169773485150256437750311906506986637800026885384689161869077507588081685801531164378630160340372359290471078905382884178132991
654 7 7 True 7
655 5 2 False 263
656 83 83 True 83
657 3 2 False 598008216632976371697735644702348584536405246902083247220875921706093794716375762404103004004990504111786204800430166155026589905240121409306972824498630058082565445957748647537262486126146850127871
658 659 659 True 659
659 13 2 False 1319
660 661 661 True 661
661 3 2 False 9568131466127621947163770315237577352582483950433331955534014747297500715462012198465648064079848065788579276806882658480425438483841942548911565191978080929321047135323978360596199778018349602045951
662 3 3 True 19136262932255243894327540630475154705164967900866663911068029494595001430924024396931296128159696131577158553613765316960850876967683885097823130383956161858642094270647956721192399556036699204091903
663 3 2 False 38272525864510487788655081260950309410329935801733327822136058989190002861848048793862592256319392263154317107227530633921701753935367770195646260767912323717284188541295913442384799112073398408183807
664 167 167 True 167
665 7 2 False 13561
666 223 223 True 223
667 5 2 False 47
668 5 5 True 5
669 3 2 False 2449441655328671218473925200700819802261115891310932980616707775308160183158275122807205904404441104841876294862561960570988912251863537292521360689146388717906188066642938460312627143172697498123763711
670 11 11 True 11
671 5 2 False 23
672 673 673 True 673
673 3 2 False 39191066485258739495582803211213116836177854260974927689867324404930562930532401964915294470471057677470020717800991369135822596029816596680341771026342219486499009066287015365002034290763159969980219391
674 3 3 True 78382132970517478991165606422426233672355708521949855379734648809861125861064803929830588940942115354940041435601982738271645192059633193360683542052684438972998018132574030730004068581526319939960438783
675 5 2 False 601
676 677 677 True 677
677 3 2 False 627057063764139831929324851379409869378845668175598843037877190478889006888518431438644711527536922839520331484815861906173161536477065546885468336421475511783984145060592245840032548652210559519683510271
678 227 227 True 227
679 3 2 False 2508228255056559327717299405517639477515382672702395372151508761915556027554073725754578846110147691358081325939263447624692646145908262187541873345685902047135936580242368983360130194608842238078734041087
680 137 137 True 137
681 3 2 False 10032913020226237310869197622070557910061530690809581488606035047662224110216294903018315384440590765432325303757053790498770584583633048750167493382743608188543746320969475933440520778435368952314936164351
682 683 683 True 683
683 5 2 False 1367
684 229 229 True 229
685 3 2 False 160526608323619796973907161953128926560984491052953303817696560762595585763460718448293046151049452246917204860112860647980329353338128780002679894123897731016699941135511614935048332454965903237038978629631
686 3 3 True 321053216647239593947814323906257853121968982105906607635393121525191171526921436896586092302098904493834409720225721295960658706676257560005359788247795462033399882271023229870096664909931806474077957259263
687 3 2 False 642106433294479187895628647812515706243937964211813215270786243050382343053842873793172184604197808987668819440451442591921317413352515120010719576495590924066799764542046459740193329819863612948155914518527
688 173 173 True 173
689 3 2 False 2568425733177916751582514591250062824975751856847252861083144972201529372215371495172688738416791235950675277761805770367685269653410060480042878305982363696267199058168185838960773319279454451792623658074111
690 691 691 True 691
691 3 2 False 10273702932711667006330058365000251299903007427389011444332579888806117488861485980690754953667164943802701111047223081470741078613640241920171513223929454785068796232672743355843093277117817807170494632296447
692 347 347 True 347
693 5 2 False 23
694 3 3 True 82189623461693336050640466920002010399224059419112091554660639110448939910891887845526039629337319550421608888377784651765928628909121935361372105791435638280550369861381946846744746216942542457363957058371583
695 3 2 False 164379246923386672101280933840004020798448118838224183109321278220897879821783775691052079258674639100843217776755569303531857257818243870722744211582871276561100739722763893693489492433885084914727914116743167
696 349 349 True 349
697 3 2 False 657516987693546688405123735360016083193792475352896732437285112883591519287135102764208317034698556403372871107022277214127429031272975482890976846331485106244402958891055574773957969735540339658911656466972671
698 3 3 True 1315033975387093376810247470720032166387584950705793464874570225767183038574270205528416634069397112806745742214044554428254858062545950965781953692662970212488805917782111149547915939471080679317823312933945343
699 3 2 False 2630067950774186753620494941440064332775169901411586929749140451534366077148540411056833268138794225613491484428089108856509716125091901931563907385325940424977611835564222299095831878942161358635646625867890687
700 701 701 True 701
701 3 2 False 10520271803096747014481979765760257331100679605646347718996561806137464308594161644227333072555176902453965937712356435426038864500367607726255629541303761699910447342256889196383327515768645434542586503471562751
702 79 79 True 79
703 3 2 False 42081087212386988057927919063041029324402718422585390875986247224549857234376646576909332290220707609815863750849425741704155458001470430905022518165215046799641789369027556785533310063074581738170346013886251007
704 353 353 True 353
705 3 2 False 168324348849547952231711676252164117297610873690341563503944988898199428937506586307637329160882830439263455003397702966816621832005881723620090072660860187198567157476110227142133240252298326952681384055545004031
706 3 3 True 336648697699095904463423352504328234595221747380683127007889977796398857875013172615274658321765660878526910006795405933633243664011763447240180145321720374397134314952220454284266480504596653905362768111090008063
707 3 2 False 673297395398191808926846705008656469190443494761366254015779955592797715750026345230549316643531321757053820013590811867266487328023526894480360290643440748794268629904440908568532961009193307810725536222180016127
708 709 709 True 709
709 3 2 False 2693189581592767235707386820034625876761773979045465016063119822371190863000105380922197266574125287028215280054363247469065949312094107577921441162573762995177074519617763634274131844036773231242902144888720064511
710 11 11 True 11
711 3 2 False 10772758326371068942829547280138503507047095916181860064252479289484763452000421523688789066296501148112861120217452989876263797248376430311685764650295051980708298078471054537096527376147092924971608579554880258047
712 179 179 True 179
713 5 2 False 47
714 239 239 True 239
715 5 2 False 23
716 359 359 True 359
717 13 2 False 479
718 719 719 True 719
719 7 2 False 1439
720 241 241 True 241
721 3 2 False 11031304526203974597457456414861827591216226218170224705794538792432397774848431640257320003887617175667569787102671861633294128382337464639166223001902133228245297232354359845986844033174623155170927185464197384241151
722 3 3 True 22062609052407949194914912829723655182432452436340449411589077584864795549696863280514640007775234351335139574205343723266588256764674929278332446003804266456490594464708719691973688066349246310341854370928394768482303
723 3 2 False 44125218104815898389829825659447310364864904872680898823178155169729591099393726561029280015550468702670279148410687446533176513529349858556664892007608532912981188929417439383947376132698492620683708741856789536964607
724 5 5 True 5
725 3 2 False 176500872419263593559319302637789241459459619490723595292712620678918364397574906244117120062201874810681116593642749786132706054117399434226659568030434131651924755717669757535789504530793970482734834967427158147858431
726 727 727 True 727
727 3 2 False 706003489677054374237277210551156965837838477962894381170850482715673457590299624976468480248807499242724466374570999144530824216469597736906638272121736526607699022870679030143158018123175881930939339869708632591433727
728 53 53 True 53
729 3 2 False 2824013958708217496949108842204627863351353911851577524683401930862693830361198499905873920995229996970897865498283996578123296865878390947626553088486946106430796091482716120572632072492703527723757359478834530365734911
730 11 11 True 11
731 5 2 False 431
732 733 733 True 733
733 3 2 False 45184223339331479951185741475274045813621662589625240394934430893803101285779175998493982735923679951534365847972543945249972749854054255162024849415791137702892737463723457929162113159883256443580117751661352485851758591
734 5 3 False 2203
735 7 2 False 71
736 47 47 True 47
737 5 2 False 23
738 739 739 True 739
739 3 2 False 2891790293717214716875887454417538932071786405736015385275803577203398482289867263903614895099115516898199414270242812495998255990659472330369590362610632812985135197678301307466375242232528412389127536106326559094512549887
740 149 149 True 149
741 3 2 False 11567161174868858867503549817670155728287145622944061541103214308813593929159469055614459580396462067592797657080971249983993023962637889321478361450442531251940540790713205229865500968930113649556510144425306236378050199551
742 743 743 True 743
743 5 2 False 1487
744 373 373 True 373
745 3 2 False 185074578797901741880056797082722491652594329967104984657651428941017502866551504889831353286343393081484762513295539999743888383402206229143653783207080500031048652651411283677848015502881818392904162310804899782048803192831
746 3 3 True 370149157595803483760113594165444983305188659934209969315302857882035005733103009779662706572686786162969525026591079999487776766804412458287307566414161000062097305302822567355696031005763636785808324621609799564097606385663
747 5 2 False 167
748 23 23 True 23
749 3 2 False 2961193260766427870080908753323559866441509279473679754522422863056280045864824078237301652581494289303756200212728639995902214134435299666298460531313288000496778442422580538845568248046109094286466596972878396512780851085311
750 751 751 True 751
751 3 2 False 11844773043065711480323635013294239465766037117894719018089691452225120183459296312949206610325977157215024800850914559983608856537741198665193842125253152001987113769690322155382272992184436377145866387891513586051123404341247
752 17 17 True 17
753 5 2 False 503
754 59 59 True 59
755 11 2 False 1511
756 757 757 True 757
757 3 2 False 758065474756205534740712640850831325809026375545262017157740252942407691741394964028749223060862538061761587254458531838950966818415436714572405896016201728127175281260180617944465471499803928137335448825056869507271897877839871
758 3 3 True 1516130949512411069481425281701662651618052751090524034315480505884815383482789928057498446121725076123523174508917063677901933636830873429144811792032403456254350562520361235888930942999607856274670897650113739014543795755679743
759 5 2 False 24863
760 761 761 True 761
761 3 2 False 12129047596099288555851402253613301212944422008724192274523844047078523067862319424459987568973800608988185396071336509423215469094646987433158494336259227650034804500162889887111447543996862850197367181200909912116350366045437951
762 7 7 True 16009
763 3 2 False 48516190384397154223405609014453204851777688034896769098095376188314092271449277697839950275895202435952741584285346037692861876378587949732633977345036910600139218000651559548445790175987451400789468724803639648465401464181751807
764 383 383 True 383
765 3 2 False 194064761537588616893622436057812819407110752139587076392381504753256369085797110791359801103580809743810966337141384150771447505514351798930535909380147642400556872002606238193783160703949805603157874899214558593861605856727007231
766 3 3 True 388129523075177233787244872115625638814221504279174152784763009506512738171594221582719602207161619487621932674282768301542895011028703597861071818760295284801113744005212476387566321407899611206315749798429117187723211713454014463
767 3 2 False 776259046150354467574489744231251277628443008558348305569526019013025476343188443165439204414323238975243865348565536603085790022057407195722143637520590569602227488010424952775132642815799222412631499596858234375446423426908028927
768 769 769 True 769
769 3 2 False 3105036184601417870297958976925005110513772034233393222278104076052101905372753772661756817657292955900975461394262146412343160088229628782888574550082362278408909952041699811100530571263196889650525998387432937501785693707632115711
770 71 71 True 71
771 3 2 False 12420144738405671481191835907700020442055088136933572889112416304208407621491015090647027270629171823603901845577048585649372640352918515131554298200329449113635639808166799244402122285052787558602103993549731750007142774830528462847
772 773 773 True 773
773 3 2 False 49680578953622685924767343630800081768220352547734291556449665216833630485964060362588109082516687294415607382308194342597490561411674060526217192801317796454542559232667196977608489140211150234408415974198927000028571099322113851391
774 19 19 True 19
775 11 2 False 311
776 389 389 True 389
777 3 2 False 794889263257962974796277498092801308291525640763748664903194643469338087775424965801409745320266996710649718116931109481559848982586784968419475084821084743272680947722675151641735826243378403750534655587182832000457137589153821622271
778 3 3 True 1589778526515925949592554996185602616583051281527497329806389286938676175550849931602819490640533993421299436233862218963119697965173569936838950169642169486545361895445350303283471652486756807501069311174365664000914275178307643244543
779 17 2 False 1559
780 157 157 True 157
781 5 2 False 23
782 47 47 True 47
783 3 2 False 50872912848509630386961759877939283730657641008879914553804457182037637617627197811290223700497087789481581959483591006819830334885554237978846405428549423569451580654251209705071092879576217840034217957579701248029256805705844583825407
784 197 197 True 197
785 3 2 False 203491651394038521547847039511757134922630564035519658215217828728150550470508791245160894801988351157926327837934364027279321339542216951915385621714197694277806322617004838820284371518304871360136871830318804992117027222823378335301631
786 787 787 True 787
787 3 2 False 813966605576154086191388158047028539690522256142078632860871314912602201882035164980643579207953404631705311351737456109117285358168867807661542486856790777111225290468019355281137486073219485440547487321275219968468108891293513341206527
788 5 5 True 23645
789 3 2 False 3255866422304616344765552632188114158762089024568314531443485259650408807528140659922574316831813618526821245406949824436469141432675471230646169947427163108444901161872077421124549944292877941762189949285100879873872435565174053364826111
790 11 11 True 11
791 5 2 False 1583
792 397 397 True 397
793 3 2 False 52093862756873861516248842115009826540193424393093032503095764154406540920450250558761189069309017896429139926511197190983506262922807539690338719158834609735118418589953238737992799108686047068195039188561614077981958969042784853837217791
794 5 3 False 2383
795 3 2 False 208375451027495446064995368460039306160773697572372130012383056617626163681801002235044756277236071585716559706044788763934025051691230158761354876635338438940473674359812954951971196434744188272780156754246456311927835876171139415348871167
796 797 797 True 797
797 3 2 False 833501804109981784259981473840157224643094790289488520049532226470504654727204008940179025108944286342866238824179155055736100206764920635045419506541353755761894697439251819807884785738976753091120627016985825247711343504684557661395484671
798 43 43 True 43
799 3 2 False 3334007216439927137039925895360628898572379161157954080198128905882018618908816035760716100435777145371464955296716620222944400827059682540181678026165415023047578789757007279231539142955907012364482508067943300990845374018738230645581938687
800 401 401 True 401
801 3 2 False 13336028865759708548159703581442515594289516644631816320792515623528074475635264143042864401743108581485859821186866480891777603308238730160726712104661660092190315159028029116926156571823628049457930032271773203963381496074952922582327754751
802 3 3 True 26672057731519417096319407162885031188579033289263632641585031247056148951270528286085728803486217162971719642373732961783555206616477460321453424209323320184380630318056058233852313143647256098915860064543546407926762992149905845164655509503
803 5 2 False 36961
804 269 269 True 269
805 7 2 False 71
806 3 3 True 426752923704310673541110514606160499017264532628218122265360499952898383220328452577371660855779474607547514277979727388536883305863639365143254787349173122950090085088896931741637010298356097582653761032696742526828207874398493522634488152063
807 3 2 False 853505847408621347082221029212320998034529065256436244530720999905796766440656905154743321711558949215095028555959454777073766611727278730286509574698346245900180170177793863483274020596712195165307522065393485053656415748796987045268976304127
808 809 809 True 809
809 3 2 False 3414023389634485388328884116849283992138116261025744978122883999623187065762627620618973286846235796860380114223837819108295066446909114921146038298793384983600720680711175453933096082386848780661230088261573940214625662995187948181075905216511
810 811 811 True 811
811 3 2 False 13656093558537941553315536467397135968552465044102979912491535998492748263050510482475893147384943187441520456895351276433180265787636459684584153195173539934402882722844701815732384329547395122644920353046295760858502651980751792724303620866047
812 59 59 True 59
813 3 2 False 54624374234151766213262145869588543874209860176411919649966143993970993052202041929903572589539772749766081827581405105732721063150545838738336612780694159737611530891378807262929537318189580490579681412185183043434010607923007170897214483464191
814 23 23 True 23
815 3 2 False 218497496936607064853048583478354175496839440705647678599864575975883972208808167719614290358159090999064327310325620422930884252602183354953346451122776638950446123565515229051718149272758321962318725648740732173736042431692028683588857933856767
816 409 409 True 409
817 5 2 False 431
818 3 3 True 1747979975492856518824388667826833403974715525645181428798916607807071777670465341756914322865272727992514618482604963383447074020817466839626771608982213111603568988524121832413745194182066575698549805189925857389888339453536229468710863470854143
819 5 2 False 6553
820 821 821 True 821
821 3 2 False 13983839803942852150595109342614667231797724205161451430391332862456574221363722734055314582922181823940116947860839707067576592166539734717014172871857704892828551908192974659309961553456532605588398441519406859119106715628289835749686907766833151
822 823 823 True 823
823 3 2 False 55935359215771408602380437370458668927190896820645805721565331449826296885454890936221258331688727295760467791443358828270306368666158938868056691487430819571314207632771898637239846213826130422353593766077627436476426862513159342998747631067332607
824 5 5 True 5
825 5 2 False 13823
826 827 827 True 827
827 3 2 False 894965747452342537638086997927338702835054349130332891545045303197220750167278254979540133307019636732167484663093741252324901898658543021888907063798893113141027322124350378195837539421218086757657500257242038983622829800210549487979962097077321727
828 829 829 True 829
829 3 2 False 3579862989809370150552347991709354811340217396521331566180181212788883000669113019918160533228078546928669938652374965009299607594634172087555628255195572452564109288497401512783350157684872347030630001028968155934491319200842197951919848388309286911
830 167 167 True 167
831 3 2 False 14319451959237480602209391966837419245360869586085326264720724851155532002676452079672642132912314187714679754609499860037198430378536688350222513020782289810256437153989606051133400630739489388122520004115872623737965276803368791807679393553237147647
832 53 53 True 53
833 7 2 False 239
834 7 7 True 7
835 3 2 False 229111231347799689635350271469398707925773913377365220235531597618488512042823233274762274126597027003434876073751997760595174886056587013603560208332516636964102994463833696818134410091831830209960320065853961979807444428853900668922870296851794362367
836 419 419 True 419
837 3 2 False 916444925391198758541401085877594831703095653509460880942126390473954048171292933099049096506388108013739504295007991042380699544226348054414240833330066547856411977855334787272537640367327320839841280263415847919229777715415602675691481187407177449471
838 839 839 True 839
839 3 2 False 3665779701564795034165604343510379326812382614037843523768505561895816192685171732396196386025552432054958017180031964169522798176905392217656963333320266191425647911421339149090150561469309283359365121053663391676919110861662410702765924749628709797887
840 421 421 True 421
841 3 2 False 14663118806259180136662417374041517307249530456151374095074022247583264770740686929584785544102209728219832068720127856678091192707621568870627853333281064765702591645685356596360602245877237133437460484214653566707676443446649642811063698998514839191551
842 3 3 True 29326237612518360273324834748083034614499060912302748190148044495166529541481373859169571088204419456439664137440255713356182385415243137741255706666562129531405183291370713192721204491754474266874920968429307133415352886893299285622127397997029678383103
843 3 2 False 58652475225036720546649669496166069228998121824605496380296088990333059082962747718339142176408838912879328274880511426712364770830486275482511413333124259062810366582741426385442408983508948533749841936858614266830705773786598571244254795994059356766207
844 5 5 True 5
845 3 2 False 234609900900146882186598677984664276915992487298421985521184355961332236331850990873356568705635355651517313099522045706849459083321945101930045653332497036251241466330965705541769635934035794134999367747434457067322823095146394284977019183976237427064831
846 283 283 True 283
847 5 2 False 23
848 107 107 True 107
849 3 2 False 3753758414402350114985578847754628430655879796774751768338949695381315781309615853973705099290165690424277009592352731309591345333151121630880730453319952580019863461295451288668314174944572706159989883958951313077165169522342308559632306943619798833037311
850 11 11 True 11
851 5 2 False 47
852 853 853 True 853
853 3 2 False 60060134630437601839769261564074054890494076748396028293423195126101052500953853663579281588642651046788432153477643700953461525330417946094091687253119241280317815380727220618693026799113163298559838143343221009234642712357476936954116911097916781328596991
854 3 3 True 120120269260875203679538523128148109780988153496792056586846390252202105001907707327158563177285302093576864306955287401906923050660835892188183374506238482560635630761454441237386053598226326597119676286686442018469285424714953873908233822195833562657193983
855 7 2 False 191
856 857 857 True 857
857 3 2 False 960962154087001629436308185025184878247905227974336452694771122017616840015261658617268505418282416748614914455642299215255384405286687137505466996049907860485085046091635529899088428785810612776957410293491536147754283397719630991265870577566668501257551871
858 859 859 True 859
859 3 2 False 3843848616348006517745232740100739512991620911897345810779084488070467360061046634469074021673129666994459657822569196861021537621146748550021867984199631441940340184366542119596353715143242451107829641173966144591017133590878523965063482310266674005030207487
860 431 431 True 431
861 3 2 False 15375394465392026070980930960402958051966483647589383243116337952281869440244186537876296086692518667977838631290276787444086150484586994200087471936798525767761360737466168478385414860572969804431318564695864578364068534363514095860253929241066696020120829951
862 863 863 True 863
863 3 2 False 61501577861568104283923723841611832207865934590357532972465351809127477760976746151505184346770074671911354525161107149776344601938347976800349887747194103071045442949864673913541659442291879217725274258783458313456274137454056383441015716964266784080483319807
864 433 433 True 433
865 3 2 False 246006311446272417135694895366447328831463738361430131889861407236509911043906984606020737387080298687645418100644428599105378407753391907201399550988776412284181771799458695654166637769167516870901097035133833253825096549816225533764062867857067136321933279231
866 3 3 True 492012622892544834271389790732894657662927476722860263779722814473019822087813969212041474774160597375290836201288857198210756815506783814402799101977552824568363543598917391308333275538335033741802194070267666507650193099632451067528125735714134272643866558463
867 3 2 False 984025245785089668542779581465789315325854953445720527559445628946039644175627938424082949548321194750581672402577714396421513631013567628805598203955105649136727087197834782616666551076670067483604388140535333015300386199264902135056251471428268545287733116927
868 29 29 True 29
869 5 2 False 23
870 59 59 True 59
871 3 2 False 15744403932561434696684473303452629045213679255131528440951130063136634306810047014785327192773139116009306758441243430342744218096217082060889571263281690386187633395165356521866664817226721079737670210248565328244806179188238434160900023542852296724603729870847
872 5 5 True 5
873 3 2 False 62977615730245738786737893213810516180854717020526113763804520252546537227240188059141308771092556464037227033764973721370976872384868328243558285053126761544750533580661426087466659268906884318950680840994261312979224716752953736643600094171409186898414919483391
874 47 47 True 47
875 7 2 False 71
876 877 877 True 877
877 3 2 False 1007641851683931820587806291420968258893675472328417820220872324040744595635843008946260940337480903424595632540239579541935629958157893251896932560850028184716008537290582817399466548302510149103210893455908181007667595468047259786297601506742546990374638711734271
878 3 3 True 2015283703367863641175612582841936517787350944656835640441744648081489191271686017892521880674961806849191265080479159083871259916315786503793865121700056369432017074581165634798933096605020298206421786911816362015335190936094519572595203013485093980749277423468543
879 3 2 False 4030567406735727282351225165683873035574701889313671280883489296162978382543372035785043761349923613698382530160958318167742519832631573007587730243400112738864034149162331269597866193210040596412843573823632724030670381872189039145190406026970187961498554846937087
880 881 881 True 881
881 3 2 False 16122269626942909129404900662735492142298807557254685123533957184651913530173488143140175045399694454793530120643833272670970079330526292030350920973600450955456136596649325078391464772840162385651374295294530896122681527488756156580761624107880751845994219387748351
882 883 883 True 883
883 5 2 False 8831
884 443 443 True 443
885 3 2 False 257956314031086546070478410603767874276780920916074961976543314954430616482775810290242800726395111276696481930301332362735521269288420672485614735577607215287298185546389201254263436365442598170421988724712494337962904439820098505292185985726092029535907510203973631
886 887 887 True 887
887 3 2 False 1031825256124346184281913642415071497107123683664299847906173259817722465931103241160971202905580445106785927721205329450942085077153682689942458942310428861149192742185556805017053745461770392681687954898849977351851617759280394021168743942904368118143630040815894527
888 223 223 True 223
889 3 2 False 4127301024497384737127654569660285988428494734657199391624693039270889863724412964643884811622321780427143710884821317803768340308614730759769835769241715444596770968742227220068214981847081570726751819595399909407406471037121576084674975771617472472574520163263578111
890 179 179 True 179
891 5 2 False 23
892 5 5 True 5
893 3 2 False 66036816391958155794042473114564575814855915754515190265995088628334237819590607434302156985957148486834299374157141084860293444937835692156317372307867447113548335499875635521091439709553305131628029113526398550518503536593945217354799612345879559561192322612217249791
894 7 7 True 7
895 7 2 False 359
896 449 449 True 449
897 7 2 False 599
898 3 3 True 2113178124542660985409359139666066426075389304144486088511842836106695610226899437897669023550628751578697579973028514715529390238010742149002155913851758307633546735996020336674926070705705764212096931632844753616592113171006246955353587595068145905958154323590951993343
899 3 2 False 4226356249085321970818718279332132852150778608288972177023685672213391220453798875795338047101257503157395159946057029431058780476021484298004311827703516615267093471992040673349852141411411528424193863265689507233184226342012493910707175190136291811916308647181903986687
900 181 181 True 181
901 3 2 False 16905424996341287883274873117328531408603114433155888708094742688853564881815195503181352188405030012629580639784228117724235121904085937192017247310814066461068373887968162693399408565645646113696775453062758028932736905368049975642828700760545167247665234588727615946751
902 83 83 True 83
903 5 2 False 431
904 227 227 True 227
905 3 2 False 270486799941460606132397969877256502537649830930494219329515883021657038109043128050901635014480480202073290236547649883587761950465374995072275956973025063377093982207490603094390537050330337819148407249004128462923790485888799610285259212168722675962643753419641855148031
906 907 907 True 907
907 3 2 False 1081947199765842424529591879509026010150599323721976877318063532086628152436172512203606540057921920808293160946190599534351047801861499980289103827892100253508375928829962412377562148201321351276593628996016513851695161943555198441141036848674890703850575013678567420592127
908 5 5 True 5
909 3 2 False 4327788799063369698118367518036104040602397294887907509272254128346512609744690048814426160231687683233172643784762398137404191207445999921156415311568401014033503715319849649510248592805285405106374515984066055406780647774220793764564147394699562815402300054714269682368511
910 911 911 True 911
911 5 2 False 1823
912 457 457 True 457
913 5 2 False 3841
914 3 3 True 138489241570027830339787760577155329299276713436413040296712132107088403511830081562061637127414005863461524601112396740396934118638271997477005289970188832449072118890235188784327954969769132963403984511490113773016980728775065400466052716630386010092873601750856629835792383
915 3 2 False 276978483140055660679575521154310658598553426872826080593424264214176807023660163124123274254828011726923049202224793480793868237276543994954010579940377664898144237780470377568655909939538265926807969022980227546033961457550130800932105433260772020185747203501713259671584767
916 5 5 True 5
917 5 2 False 263
918 919 919 True 919
919 3 2 False 4431655730240890570873208338468970537576854829965217289494788227426828912378562609985972388077248187630768787235596695692701891796424703919264169279046042638370307804487526041098494559032612254828927504367683640736543383320802092814913686932172352322971955256027412154745356287
920 461 461 True 461
921 3 2 False 17726622920963562283492833353875882150307419319860869157979152909707315649514250439943889552308992750523075148942386782770807567185698815677056677116184170553481231217950104164393978236130449019315710017470734562946173533283208371259654747728689409291887821024109648618981425151
922 3 3 True 35453245841927124566985666707751764300614838639721738315958305819414631299028500879887779104617985501046150297884773565541615134371397631354113354232368341106962462435900208328787956472260898038631420034941469125892347066566416742519309495457378818583775642048219297237962850303
923 5 2 False 1847
924 463 463 True 463
925 3 2 False 283625966735416996535885333662014114404918709117773906527666446555317050392228007039102232836943884008369202383078188524332921074971181050832906833858946728855699699487201666630303651778087184309051360279531753007138776532531333940154475963659030548670205136385754377903702802431
926 5 3 False 11113
927 3 2 False 1134503866941667986143541334648056457619674836471095626110665786221268201568912028156408931347775536033476809532312754097331684299884724203331627335435786915422798797948806666521214607112348737236205441118127012028555106130125335760617903854636122194680820545543017511614811209727
928 929 929 True 929
929 3 2 False 4538015467766671944574165338592225830478699345884382504442663144885072806275648112625635725391102144133907238129251016389326737199538896813326509341743147661691195191795226666084858428449394948944821764472508048114220424520501343042471615418544488778723282182172070046459244838911
930 311 311 True 311
931 5 2 False 67033
932 467 467 True 467
933 3 2 False 72608247484266751113186645417475613287659189534150120071082610318161164900410369802010171606257634306142515810068016262229227795192622349013224149467890362587059123068723626657357734855190319183117148231560128769827526792328021488679545846696711820459572514914753120743347917422591
934 3 3 True 145216494968533502226373290834951226575318379068300240142165220636322329800820739604020343212515268612285031620136032524458455590385244698026448298935780725174118246137447253314715469710380638366234296463120257539655053584656042977359091693393423640919145029829506241486695834845183
935 7 2 False 1871
936 937 937 True 937
937 3 2 False 1161731959748268017810986326679609812602547032546401921137321765090578638406565916832162745700122148898280252961088260195667644723081957584211586391486245801392945969099578026517723757683045106929874371704962060317240428677248343818872733547147389127353160238636049931893566678761471
938 3 3 True 2323463919496536035621972653359219625205094065092803842274643530181157276813131833664325491400244297796560505922176520391335289446163915168423172782972491602785891938199156053035447515366090213859748743409924120634480857354496687637745467094294778254706320477272099863787133357522943
939 3 2 False 4646927838993072071243945306718439250410188130185607684549287060362314553626263667328650982800488595593121011844353040782670578892327830336846345565944983205571783876398312106070895030732180427719497486819848241268961714708993375275490934188589556509412640954544199727574266715045887
940 941 941 True 941
941 3 2 False 18587711355972288284975781226873757001640752520742430738197148241449258214505054669314603931201954382372484047377412163130682315569311321347385382263779932822287135505593248424283580122928721710877989947279392965075846858835973501101963736754358226037650563818176798910297066860183551
942 7 7 True 7
943 5 2 False 47
944 17 17 True 17
945 7 2 False 71
946 947 947 True 947
947 3 2 False 1189613526782226450238449998519920448105008161327515567244617487452752525728323498836134651596925080471838979032154378440363668196435924566232664464881915700626376672357967899154149127867438189496191356625881149764854198965502304070525679152278926466409636084363315130259012279051747327
948 317 317 True 317
949 3 2 False 4758454107128905800953799994079681792420032645310062268978469949811010102913293995344538606387700321887355916128617513761454672785743698264930657859527662802505506689431871596616596511469752757984765426503524599059416795862009216282102716609115705865638544337453260521036049116206989311
950 191 191 True 191
951 3 2 False 19033816428515623203815199976318727169680130581240249075913879799244040411653175981378154425550801287549423664514470055045818691142974793059722631438110651210022026757727486386466386045879011031939061706014098396237667183448036865128410866436462823462554177349813042084144196464827957247
952 953 953 True 953
953 3 2 False 76135265714062492815260799905274908678720522324960996303655519196976161646612703925512617702203205150197694658057880220183274764571899172238890525752442604840088107030909945545865544183516044127756246824056393584950668733792147460513643465745851293850216709399252168336576785859311828991
954 107 107 True 107
955 5 2 False 383
956 479 479 True 479
957 5 2 False 23
958 3 3 True 2436328502849999770088345596968797077719056714398751881716976614303237172691606525616403766470502564806326229057852167045864792466300773511644496824078163354882819424989118257467697413872513412088199898369804594718421399481348718736436590903867241403206934700776069386770457147497978527743
959 3 2 False 4872657005699999540176691193937594155438113428797503763433953228606474345383213051232807532941005129612652458115704334091729584932601547023288993648156326709765638849978236514935394827745026824176399796739609189436842798962697437472873181807734482806413869401552138773540914294995957055487
960 241 241 True 241
961 3 2 False 19490628022799998160706764775750376621752453715190015053735812914425897381532852204931230131764020518450609832462817336366918339730406188093155974592625306839062555399912946059741579310980107296705599186958436757747371195850789749891492727230937931225655477606208555094163657179983828221951
962 3 3 True 38981256045599996321413529551500753243504907430380030107471625828851794763065704409862460263528041036901219664925634672733836679460812376186311949185250613678125110799825892119483158621960214593411198373916873515494742391701579499782985454461875862451310955212417110188327314359967656443903
963 3 2 False 77962512091199992642827059103001506487009814860760060214943251657703589526131408819724920527056082073802439329851269345467673358921624752372623898370501227356250221599651784238966317243920429186822396747833747030989484783403158999565970908923751724902621910424834220376654628719935312887807
964 5 5 True 5
965 3 2 False 311850048364799970571308236412006025948039259443040240859773006630814358104525635278899682108224328295209757319405077381870693435686499009490495593482004909425000886398607136955865268975681716747289586991334988123957939133612635998263883635695006899610487641699336881506618514879741251551231
966 967 967 True 967
967 3 2 False 1247400193459199882285232945648024103792157037772160963439092026523257432418102541115598728432897313180839029277620309527482773742745996037961982373928019637700003545594428547823461075902726866989158347965339952495831756534450543993055534542780027598441950566797347526026474059518965006204927
968 89 89 True 89
969 5 2 False 647
970 971 971 True 971
971 3 2 False 19958403095347198116563727130368385660674512604354575415025472424372118918689640657849579654926357010893424468441924952439724379883935936607391717982848314203200056729510856765175377214443629871826533567445439239933308104551208703888888552684480441575071209068757560416423584952303440099278847
972 487 487 True 487
973 3 2 False 79833612381388792466254908521473542642698050417418301660101889697488475674758562631398318619705428043573697873767699809758897519535743746429566871931393256812800226918043427060701508857774519487306134269781756959733232418204834815555554210737921766300284836275030241665694339809213760397115391
974 3 3 True 159667224762777584932509817042947085285396100834836603320203779394976951349517125262796637239410856087147395747535399619517795039071487492859133743862786513625600453836086854121403017715549038974612268539563513919466464836409669631111108421475843532600569672550060483331388679618427520794230783
975 5 2 False 601
976 977 977 True 977
977 3 2 False 1277337798102220679460078536343576682283168806678692826561630235159815610796137002102373097915286848697179165980283196956142360312571899942873069950902292109004803630688694832971224141724392311796898148316508111355731718691277357048888867371806748260804557380400483866651109436947420166353846271
978 7 7 True 7
979 5 2 False 23
980 491 491 True 491
981 3 2 False 20437404769635530871361256581497226916530700906859085224986083762557049772738192033637969566644589579154866655684531151298277765001150399085969119214436673744076858091019117327539586267590276988750370373064129781691707499060437712782221877948907972172872918086407741866417750991158722661661540351
982 983 983 True 983
983 3 2 False 81749619078542123485445026325988907666122803627436340899944335050228199090952768134551878266578358316619466622738124605193111060004601596343876476857746694976307432364076469310158345070361107955001481492256519126766829996241750851128887511795631888691491672345630967465671003964634890646646161407
984 83 83 True 83
985 3 2 False 326998476314168493941780105303955630664491214509745363599777340200912796363811072538207513066313433266477866490952498420772444240018406385375505907430986779905229729456305877240633380281444431820005925969026076507067319984967003404515550047182527554765966689382523869862684015858539562586584645631
986 59 59 True 59
987 3 2 False 1307993905256673975767120421215822522657964858038981454399109360803651185455244290152830052265253733065911465963809993683089776960073625541502023629723947119620918917825223508962533521125777727280023703876104306028269279939868013618062200188730110219063866757530095479450736063434158250346338582527
988 53 53 True 53
989 5 2 False 20257
990 991 991 True 991
991 3 2 False 20927902484106783612273926739453160362527437728623703270385749772858418967283908642445280836244059729054583455420959898929436431361178008664032378075583153913934702685203576143400536338012443636480379262017668896452308479037888217888995203019681763505021868120481527671211777014946532005541417320447
992 17 17 True 17
993 3 2 False 83711609936427134449095706957812641450109750914494813081542999091433675869135634569781123344976238916218333821683839595717745725444712034656129512302332615655738810740814304573602145352049774545921517048070675585809233916151552871555980812078727054020087472481926110684847108059786128022165669281791
994 3 3 True 167423219872854268898191413915625282900219501828989626163085998182867351738271269139562246689952477832436667643367679191435491450889424069312259024604665231311477621481628609147204290704099549091843034096141351171618467832303105743111961624157454108040174944963852221369694216119572256044331338563583
995 3 2 False 334846439745708537796382827831250565800439003657979252326171996365734703476542538279124493379904955664873335286735358382870982901778848138624518049209330462622955242963257218294408581408199098183686068192282702343236935664606211486223923248314908216080349889927704442739388432239144512088662677127167
996 997 997 True 997
997 3 2 False 1339385758982834151185531311325002263201756014631917009304687985462938813906170153116497973519619822659493341146941433531483931607115392554498072196837321850491820971853028873177634325632796392734744272769130809372947742658424845944895692993259632864321399559710817770957553728956578048354650708508671
998 3 3 True 2678771517965668302371062622650004526403512029263834018609375970925877627812340306232995947039239645318986682293882867062967863214230785108996144393674643700983641943706057746355268651265592785469488545538261618745895485316849691889791385986519265728642799119421635541915107457913156096709301417017343
999 3 2 False 5357543035931336604742125245300009052807024058527668037218751941851755255624680612465991894078479290637973364587765734125935726428461570217992288787349287401967283887412115492710537302531185570938977091076523237491790970633699383779582771973038531457285598238843271083830214915826312193418602834034687
1000 251 251 True 251
# done N=1000 h==P agreement 491/1000; mismatches (n,h,P): [(3, 3, 2), (5, 3, 2), (7, 3, 2), (9, 3, 2), (11, 5, 2), (13, 3, 2), (15, 3, 2), (17, 3, 2), (19, 3, 2), (21, 3, 2), (23, 5, 2), (25, 3, 2), (27, 3, 2), (29, 3, 2), (31, 3, 2), (33, 5, 2), (35, 7, 2), (37, 3, 2), (39, 3, 2), (41, 3, 2), (43, 5, 2), (45, 3, 2), (47, 3, 2), (49, 3, 2), (51, 3, 2), (53, 3, 2), (55, 5, 2), (57, 3, 2), (59, 3, 2), (61, 3, 2), (63, 3, 2), (65, 3, 2), (67, 3, 2), (69, 5, 2), (71, 3, 2), (73, 3, 2), (75, 5, 2), (77, 5, 2), (79, 3, 2), (81, 3, 2), (83, 5, 2), (85, 3, 2), (86, 5, 3), (87, 3, 2), (89, 3, 2), (91, 3, 2), (93, 3, 2), (95, 7, 2), (97, 3, 2), (99, 5, 2), (101, 3, 2), (103, 3, 2), (105, 7, 2), (107, 3, 2), (109, 3, 2), (111, 3, 2), (113, 3, 2), (115, 5, 2), (117, 5, 2), (119, 7, 2), (121, 5, 2), (123, 3, 2), (125, 3, 2), (127, 3, 2), (129, 5, 2), (131, 5, 2), (133, 3, 2), (135, 3, 2), (137, 3, 2), (139, 3, 2), (141, 3, 2), (143, 5, 2), (145, 3, 2), (146, 5, 3), (147, 3, 2), (149, 3, 2), (151, 3, 2), (153, 3, 2), (155, 11, 2), (157, 3, 2)]
# elapsed=0.5s
