# n f(n) example
1 1 [1]
2 2 [1, 2]
3 2 [1, 2]
4 3 [1, 2, 4]
5 4 [1, 2, 4, 5]
6 4 [1, 2, 4, 5]
7 5 [1, 3, 5, 6, 7]
8 5 [1, 2, 4, 5, 8]
9 5 [1, 2, 4, 5, 8]
10 6 [1, 2, 4, 5, 8, 10]
11 6 [1, 2, 4, 5, 8, 10]
12 7 [1, 2, 5, 9, 10, 11, 12]
13 8 [1, 2, 5, 9, 10, 11, 12, 13]
14 8 [1, 2, 5, 9, 10, 11, 12, 13]
15 9 [1, 2, 5, 9, 10, 11, 12, 13, 15]
16 9 [1, 2, 5, 9, 10, 11, 12, 13, 15]
17 9 [1, 2, 4, 5, 10, 13, 14, 16, 17]
18 10 [3, 5, 9, 10, 11, 12, 13, 15, 16, 18]
19 10 [1, 2, 5, 10, 11, 12, 13, 14, 16, 19]
20 10 [1, 2, 5, 10, 11, 12, 13, 14, 16, 19]
21 11 [4, 7, 12, 13, 14, 15, 16, 17, 18, 20, 21]
22 11 [1, 2, 4, 8, 11, 13, 16, 17, 20, 21, 22]
23 11 [1, 2, 4, 5, 13, 14, 16, 17, 20, 21, 23]
24 12 [1, 2, 11, 15, 16, 17, 18, 19, 20, 21, 22, 24]
25 13 [1, 2, 11, 15, 16, 17, 18, 19, 20, 21, 22, 24, 25]
26 13 [1, 2, 11, 15, 16, 17, 18, 19, 20, 21, 22, 24, 25]
27 13 [1, 2, 6, 7, 17, 18, 19, 20, 21, 22, 23, 26, 27]
28 13 [1, 2, 4, 9, 17, 18, 19, 20, 22, 24, 25, 27, 28]
29 14 [1, 2, 4, 9, 17, 18, 20, 21, 22, 23, 24, 25, 28, 29]
30 15 [1, 2, 4, 11, 16, 19, 21, 22, 23, 24, 25, 26, 28, 29, 30]
31 15 [1, 2, 4, 11, 16, 19, 21, 22, 23, 24, 25, 26, 28, 29, 30]
32 15 [1, 2, 4, 11, 16, 19, 21, 22, 23, 24, 25, 26, 28, 29, 30]
33 16 [2, 4, 8, 10, 13, 17, 19, 20, 21, 25, 26, 27, 28, 29, 32, 33]
34 16 [2, 4, 8, 10, 13, 17, 19, 20, 21, 25, 26, 27, 28, 29, 32, 33]
# elapsed=3s
